File: 10_5_20120000.raw
2374.14	1940.57	42
2195.87	1655.81	140
1848.31	913.379	29
2035.23	767.629	35
1091.86	432.541	37
861.711	356.816	38
969.593	152.852	54
857.429	4.80952	21

File: 10_5_20120001.raw
2385.89	1941.37	27
2205.32	1656.86	130
1854.63	915.111	27
2041.97	768.85	40
1096.65	437.1	40
866.6	362.927	55
973.339	157.441	59
860.619	11.2857	21

File: 10_5_20120002.raw
2399.13	1941.48	23
2217.9	1658.11	123
2050	769.824	34
1102.6	443.638	47
872.289	370.644	45
978.25	166	48
864.571	19.381	21

File: 10_5_20120003.raw
2404.1	1941.65	20
2222.31	1658.91	134
1865.36	918.571	28
2052.09	770.419	43
1104.68	445.763	38
874.333	372.788	33
980.241	167.552	58

File: 10_5_20120004.raw
2227.09	1659.42	135
41.2222	1523.33	27
1868.82	919.036	28
2055.07	770.926	27
1106.67	447.889	36
876.436	375.974	39
981.414	170.638	58

File: 10_5_20120005.raw
2232.92	1659.61	136
1872.37	920.185	27
2058.54	771.541	37
1109.04	450.895	57
878.575	378.825	40
983.377	173.623	61

File: 10_5_20120006.raw
2238.75	1660.09	138
50.9333	1533.2	30
1876.62	921.619	21
2062.61	772.195	41
1112.04	452.83	47
881.867	382.244	45
986.463	176.854	41
871.211	31.5789	19

File: 10_5_20120007.raw
2244.79	1661.2	122
58.28	1538.64	25
1881.71	922.81	21
2065.89	773.222	27
1115.82	456.72	50
885.185	386.852	54
988.143	180.304	56
874.192	36.3846	26

File: 10_5_20120008.raw
2250.16	1661.66	131
62.25	1543.55	20
1884.21	923.458	24
2069.16	773.531	32
1117.79	459.211	38
887.302	388.93	43
990.038	183.327	52

File: 10_5_20120009.raw
2258.68	1662.36	133
1890.33	924.889	27
2074.67	773.972	36
1121.6	463.233	43
890.756	394.049	41
2094.32	375.737	19
993.259	187.944	54
878.083	43.6667	24

File: 10_5_20120010.raw
2263.75	1662.69	122
76.3333	1553.15	27
1718.05	900.524	21
2077.94	774.969	32
1123.97	466.088	34
893.471	397.5	34
995.245	191.02	49

File: 10_5_20120011.raw
2273.14	1663.42	130
1899.54	927.625	24
2083	775.357	28
1128.67	470.178	45
897.826	402.739	46
998.508	195.683	63
882.7	53	20

File: 10_5_20120012.raw
2279.21	1664.29	143
1903.3	928.783	23
2087	775.406	32
1131.44	473.028	36
900.491	406.396	53
1001.02	199.415	65

File: 10_5_20120013.raw
2282.37	1664.67	129
95.4348	1567.89	46
1906.15	929	20
1730.59	904.773	22
2088.74	776.324	34
1133.62	474.974	39
902.094	408.17	53
1002.17	201.583	36
886.36	59.24	25

File: 10_5_20120014.raw
2290.16	1664.99	145
1910.52	929.52	25
2094.1	777.025	40
1137.06	478.543	35
904.75	412.4	40
1005.25	204.962	52
887.913	63.4783	23

File: 10_5_20120015.raw
2296.42	1665.46	142
106.696	1580.43	23
114.476	1577.71	21
1914.96	931.038	26
2097.47	777.062	32
1139.69	481.194	36
908.215	415.646	65
1007.65	208.879	66

File: 10_5_20120016.raw
2311.02	1666.56	121
1925.15	933.385	26
2106.05	778.905	21
1146.47	488.158	38
915.235	424.627	51
1013.02	216.796	49
895.955	76.0909	22

File: 10_5_20120017.raw
2319.32	1667.36	129
131.959	1596.63	49
2111.42	779.111	36
1150.17	491.738	42
919.163	428.674	43
1015.9	220.366	41

File: 10_5_20120018.raw
2324.85	1667.3	121
1933.81	935.577	26
2114.7	779.162	37
1153	494.8	35
922.308	432.179	39
1018.2	223.556	45

File: 10_5_20120019.raw
2330.21	1667.34	95
1937.29	936.667	24
1761.14	916	22
2117.33	779.867	30
1156.39	497.03	33
924.196	434.87	46
1020.06	226.51	49

File: 10_5_20120020.raw
2338.65	1668.74	116
1943.43	937.762	21
1766.58	917.053	19
2123.31	780.069	29
1159.46	500.659	41
928.434	439.34	53
1023.53	231	49
904.968	92.5484	31

File: 10_5_20120021.raw
2348.76	1668.93	136
1950	939.08	25
2129.33	781.395	43
1164.14	505.429	35
932.794	445.647	34
1027.71	236.098	51

File: 10_5_20120022.raw
2354.19	1669.69	129
160.963	1626.63	27
1953.48	940.148	27
2133.26	781.296	27
1167.32	507.647	34
935.543	447.957	46
1029.91	239.434	53

File: 10_5_20120023.raw
2361.59	1670	124
1958.13	941.565	23
2137.51	782.179	39
1171.17	511.366	41
938.953	452.488	43
1032.29	242.291	55
912.28	105.56	25

File: 10_5_20120024.raw
2368.87	1670.08	133
1962.95	942.136	22
2142	782.091	44
1173.95	514.636	44
942.488	455.953	43
1034.82	246.533	60
914.714	109.143	21

File: 10_5_20120025.raw
2380.32	1670.94	113
1970.58	943.577	26
2148.83	783.222	36
1179.93	518.854	41
947.538	462.487	39
1039.9	252.804	51
918.952	116.857	21

File: 10_5_20120026.raw
2385.45	1671.42	112
2151.91	783.375	32
1182.75	521.455	44
950.179	465.161	56
1041.8	255.2	50
919.842	119	19

File: 10_5_20120027.raw
2395.93	1671.22	134
1981.18	945.606	33
2158.53	784.429	49
1186.97	526.541	37
955.152	470.283	46
1045.98	260.173	52
924	125.375	32

File: 10_5_20120028.raw
2405.05	1671.93	121
1987.11	947.053	19
1808.8	930.95	20
2163.71	784.514	35
1191.59	530.122	41
959.815	475.519	54
1048.89	265.016	61
928.421	130.211	19

File: 10_5_20120029.raw
2414.99	1672.6	141
1993.04	948.64	25
1815.74	933.043	23
2169.46	785.261	46
1195.88	534.619	42
964.413	480	46
1053.3	269.561	57
930.92	136.28	25

File: 10_5_20120030.raw
232.214	1680.82	28
2428.97	1673.1	147
2002.2	950.15	20
2177.44	786.438	32
1203.28	540.575	40
970.333	487.051	39
1058.43	276.347	49
935.778	143.407	27

File: 10_5_20120031.raw
2448.01	1673.98	140
7.7619	986.746	63
2015.12	952.625	24
2189.63	787.148	27
1212.28	549	36
980.042	497.5	48
1065.2	286.314	51
942.6	154.3	20

File: 10_5_20120032.raw
260.8	1701.4	35
2458.56	1674.07	154
15.5088	995.86	57
2195.26	788.029	34
1217.42	553.3	40
984.268	502.976	41
1070.47	291.155	58
945.652	159.565	23

File: 10_5_20120033.raw
270.975	1706.92	40
2467.44	1674.58	153
22.3143	1002.74	70
2026.96	954.875	24
2200.54	787.964	28
1222.07	556.463	41
988.902	507.195	41
1073.27	295.745	55
949.105	166.105	19

File: 10_5_20120034.raw
290.679	1725.21	28
2491.76	1675	140
41.0154	1022.74	65
2043.28	957.52	25
1864.79	947.417	24
2215.12	788.381	42
1234.13	566.923	39
1000.15	519.646	48
1.57692	371.192	26
1082.77	307.383	47
957.955	178	22

File: 10_5_20120035.raw
300.083	1733.04	24
2501.25	1674.99	140
48.0769	1030.71	78
2050.04	958.292	24
2221.37	788.805	41
1238.05	570.6	40
1004.56	524.5	36
6.09524	380.262	42
1086.59	311.929	56

File: 10_5_20120036.raw
308.9	1739.17	30
2511.38	1675.33	151
54.9437	1038.77	71
2227.32	789.273	44
1243.17	574.714	42
1010.1	529.585	41
11.3103	388.552	29
1091.06	316.51	49
964.565	188.609	23

File: 10_5_20120037.raw
321.464	1746.21	56
2523.4	1675.32	144
65.2903	1048.83	93
2063.96	961	24
2234.38	789.438	32
1249.04	579.38	50
1014.5	535.167	48
20	400.955	67
1096.1	322.267	60

File: 10_5_20120038.raw
337.326	1758.87	46
2541.33	1675.57	149
76.36	1062.62	50
2075.25	962.45	20
1896.05	956.095	21
2245	790	26
1257.58	586.132	38
1024.21	544.143	42
29.7391	416.152	46
2219.3	388.4	20
1102.73	330.265	49
975.296	203.852	27

File: 10_5_20120039.raw
349.455	1770.27	22
2555.84	1675.72	141
88.1111	1074.83	54
2084.85	963.654	26
1905.1	957.9	20
2253.57	790.067	30
1264.55	592.347	49
1030.79	550.962	52
38.3617	429.362	47
1108.89	337.159	44
980.774	211.935	31

File: 10_5_20120040.raw
360.976	1775.85	41
2565.97	1676.07	147
95.4746	1082.29	59
2091.74	964.87	23
2259.51	790.732	41
1269.34	596.486	35
1035.8	555.471	51
42.4595	437.703	37
1113.02	341.805	41
984.75	217.1	20

File: 10_5_20120041.raw
369.114	1782.74	35
2575.76	1675.79	145
103.72	1090.17	75
2097.96	966.36	25
2265.33	790.667	36
1274.47	600.382	34
1039.86	560.977	43
50	446.516	62
1116.57	346.528	53
987.552	222.345	29

File: 10_5_20120042.raw
380.321	1789.82	28
2586.46	1675.53	109
112.205	1099.04	83
2104.96	966.565	23
2272.29	790.8	35
1280.21	604.976	42
1046.02	565.943	53
54.5625	456.5	32
1120.87	351.532	47
992.29	227.968	31

File: 10_5_20120043.raw
395.773	1802.95	44
124.559	1112.38	68
2282.42	791.03	33
1288.82	611.263	38
1054.84	574.633	49
65.1282	471.667	39
1128.18	359.939	49
998.222	236.741	27

File: 10_5_20120044.raw
405.585	1808.8	41
132.098	1120.33	61
2122.88	968.708	24
2288.84	790.868	38
1294.32	614.838	37
1060.23	579.227	44
71.2963	480.5	54
1132.52	364.315	54

File: 10_5_20120045.raw
425.956	1822.22	45
149.11	1136.71	73
1956.76	969.762	21
2301.54	791.244	41
1304.28	623.1	40
1070.22	588.797	59
83.9455	498.145	55
1141.12	373.48	50
1010.38	253.095	21

File: 10_5_20120046.raw
443.868	1835.16	38
162.76	1151.42	50
2149.9	971.35	20
2313.24	790.783	46
1314.16	630.558	43
1079.6	597.578	45
93.1053	513.237	38
1148.58	382.375	48
1017.65	262.189	37

File: 10_5_20120047.raw
454.528	1840.39	36
170.433	1158.88	60
1975.13	973.478	23
2156.53	972.4	30
2319.06	791.371	35
1319.11	634.106	47
1084.48	602.786	42
99.7647	522.588	51
2273.68	388.842	19
1152.22	386.356	45
1021	266.909	22

File: 10_5_20120048.raw
466.286	1850.39	28
180.571	1169.3	56
2165.6	973.5	20
2327.38	791.031	32
1325.93	638.886	44
1090.83	608.981	53
107.59	533.615	39
1158.92	392.974	39
1025.91	273.971	34

File: 10_5_20120049.raw
474.278	1855.58	36
187.14	1175.84	57
2171	974	21
2332.54	790.541	37
1330.7	642.465	43
1095.67	612.981	54
113.167	541.619	42
1162.5	396.56	50
1029.3	278.333	33

File: 10_5_20120050.raw
490.233	1865.35	43
199.423	1187.46	52
2181.78	974.826	23
2342.23	790.846	26
1338	648.204	49
1104.46	620.312	48
122.351	555.054	37
1169.26	403.086	58
1036	286.429	35

File: 10_5_20120051.raw
499.311	1871.71	45
207.492	1195.46	61
2188.19	975.619	21
2348.03	791.138	29
1343.89	651.8	45
1109.13	624.5	62
129.639	563.554	83
1173.91	407.643	56
1038.96	290.885	26

File: 10_5_20120052.raw
508.081	1879.05	37
215.483	1203.02	58
2196.12	976.154	26
2354.65	790.163	43
1349.27	655.364	33
1114.05	629.605	38
133	571.7	30
1178.07	412.2	60
1044.29	296.542	24

File: 10_5_20120053.raw
517.149	1884.13	87
221.228	1209.7	57
2201.14	976.545	22
2360.15	790.585	41
1353.16	659.026	38
1118.26	633.229	35
138.68	578.52	50
1181.56	415.594	64
1047.28	300.44	25

File: 10_5_20120054.raw
525.308	1892.42	26
229.105	1216.34	76
2025.54	982.917	24
2207.73	976.867	30
2366.27	789.818	33
1358.7	662.676	37
1123.59	638.227	44
144.488	586.634	41
1185.67	420.083	48
1050.5	305.786	28

File: 10_5_20120055.raw
537.702	1898	47
238.884	1225.23	86
2216.05	977.5	22
2373.32	789.805	41
1363.97	666.222	36
1130.13	643.447	47
152	596.167	48
1191.83	425.185	65
1055.89	311.27	37

File: 10_5_20120056.raw
546.714	1902.82	49
245.768	1231.84	69
2221.83	977.609	23
2379.08	789.263	38
1368.98	669.548	42
1134.58	646.935	62
158.308	603.923	65
1194.94	428.808	52
1058.82	315.265	34

File: 10_5_20120057.raw
554.286	1910.76	21
252.843	1238.89	70
2045.96	986.542	24
2385.03	789.771	35
1374.35	672.878	49
1138.76	651.278	54
162.147	611.324	34
1199.07	432.818	44
1062.83	320.375	24

File: 10_5_20120058.raw
565.638	1915.72	47
261.485	1246.85	68
2234.96	978.538	26
2391.26	788.895	38
1379.19	677.094	32
1144.66	655.915	47
168.805	620.146	41
1203.3	438	47
1066.86	325.273	22

File: 10_5_20120059.raw
574.622	1920.73	37
267.563	1252.31	71
2058.09	988.273	22
2240.64	979.28	25
2396.68	788.71	31
1383.8	679.829	41
1148.31	659.548	42
174.432	626.545	44
1206.85	441.348	46
1070.73	329	26

File: 10_5_20120060.raw
583.17	1927.32	47
2578.16	1750.95	19
275.231	1259.42	78
2247.75	979.333	24
2402.26	788.484	31
1389.38	683.095	42
1154.31	663.424	59
179.982	634.745	55
1211.58	445.062	65
1074.48	333.828	29

File: 10_5_20120061.raw
595.839	1934.32	56
285.722	1269.03	79
2255.9	979.2	20
2410.26	787.405	42
1395.55	687.333	33
1160.73	669.622	37
187.75	645.589	56
1217.4	450.574	47
1079.71	340.095	21

File: 10_5_20120062.raw
607.143	1940.29	28
294.197	1276.98	61
2263.79	979.828	29
2417.65	786.865	37
1402.03	691.625	40
1167.04	673.895	57
194.709	654.164	55
1222.44	455.444	54
1084.91	345.406	32

File: 10_5_20120063.raw
302.107	1284.65	75
2271.25	980.083	24
2423	786.714	42
1407.28	694.58	50
1171.62	678.894	47
200.712	661.831	59
1226.75	459.75	48
1088.1	350.077	39

File: 10_5_20120064.raw
310.383	1292.23	60
2277.67	980.571	21
2430.36	786.444	36
1412.93	698.364	44
1176.68	683.02	50
207.191	670.553	47
1231.57	463.83	47
2353.84	385.211	19
1092.64	354.795	39

File: 10_5_20120065.raw
321.478	1301.76	67
2287.56	981	25
2439.1	785.571	42
1420.22	703.439	41
1185.91	688.591	44
216.732	681.394	71
1237.33	469.792	48
1097.97	361.5	30

File: 10_5_20120066.raw
335.35	1315.28	60
2300.25	981.05	20
2450.97	784.405	37
1431.02	709.604	48
227.804	696.176	51
1195.17	697.128	47
1246.38	477.528	53
1106.3	371	30

File: 10_5_20120067.raw
347.953	1325.35	43
2460.03	783.343	35
1437.89	714.37	46
236.571	707.673	49
1203.43	703.531	49
1252.95	483.5	44
1113	377.545	22

File: 10_5_20120068.raw
352.836	1329.51	55
2130.53	998.158	19
2313.74	981.522	23
2464.15	782.939	33
1440.76	716.351	37
239.804	712.294	51
1205.71	705.867	45
1255.96	485.635	52
1114.78	380.407	27

File: 10_5_20120069.raw
359.734	1336.02	64
2320.95	981.381	21
2469.76	782.368	38
246.208	720.226	53
1446.68	719.537	41
1211.08	710.25	40
1259.9	489.148	61
1119.18	384.857	28

File: 10_5_20120070.raw
367.269	1343.01	67
2475.92	782.205	39
252.302	727.245	53
1451.76	723.119	42
1217.08	713.592	49
1265.06	493.792	48
1123.52	389.483	29
2387.08	382.4	25

File: 10_5_20120071.raw
375.759	1349.73	83
2334.16	981.516	31
2481.95	781.659	44
256.324	734.324	34
1457.15	725.463	41
1222.28	718	47
1269.02	497.185	54
1127.23	393.5	30

File: 10_5_20120072.raw
379.966	1353.17	59
2337.48	982.12	25
2484.78	781.089	45
260.775	738.211	71
1460.21	727.489	47
1225	720.176	51
1271.04	498.857	49
1129.63	396.074	27

File: 10_5_20120073.raw
387.231	1358.78	78
2344.15	981.45	20
2490.79	780.256	39
266.833	745.242	66
1464.82	730.436	39
1229.56	723.535	43
1275.27	503.045	44
1133.34	399.69	29

File: 10_5_20120074.raw
395.667	1366.57	75
2351.12	981.52	25
2497.37	779.537	41
272.595	753.762	42
1470.26	733.907	43
1234.77	727.872	47
1280.26	507.151	53
1137.8	404.96	25

File: 10_5_20120075.raw
402.097	1372.78	72
2503.15	778.97	33
278.359	760.266	64
1475.49	736.8	35
1240.05	732.023	44
1284.79	510.333	48
1141.48	409.061	33

File: 10_5_20120076.raw
410.938	1379.17	65
2364.62	981.308	26
2509.36	778.4	55
285.038	767.453	53
1480.98	739.159	44
1245.52	735.523	44
1289.3	515.08	50
1146.13	412.742	31

File: 10_5_20120077.raw
419.123	1386.28	65
2371.42	980.923	26
2515.61	777.306	49
289.676	774.486	37
1486.45	742.114	44
1250.33	739.024	42
1293.98	518.065	46
1150.1	417.81	21
490.158	35.5789	19

File: 10_5_20120078.raw
434.765	1398.56	85
2384.36	980.636	22
303.038	788.849	53
2527.47	775.867	30
1496.69	748.111	45
1261.71	747.31	42
1303.08	526.102	49
1158	426.28	25

File: 10_5_20120079.raw
442.036	1405.67	55
2390.95	980.55	20
308.649	796.486	37
2533.95	775.179	39
1267.05	750.875	56
1501.93	751.442	43
1307	529.522	46
1162.55	430.576	33

File: 10_5_20120080.raw
449.821	1411.34	67
2397.96	980.522	23
315.208	804.038	53
2540.55	774.19	42
1272.35	754.804	46
1507.75	754.55	40
1311.93	533.289	45
1166.84	434.76	25

File: 10_5_20120081.raw
458.851	1418.72	94
2405.09	979.818	22
321.403	811.113	62
2546.8	773.06	50
1277.29	758.771	35
1513.6	757.767	43
1316.4	537.02	50
1171.56	439.094	32

File: 10_5_20120082.raw
466.102	1425.25	59
327.878	818.432	74
2553.09	772	44
1283.04	763.056	54
1518.5	760.417	36
1321.85	540.774	62
1175.5	443.115	26
263.833	2.95833	24

File: 10_5_20120083.raw
474.645	1431.75	76
2233.55	1006.86	22
2418.96	979.72	25
334	826.121	66
2559.23	771.355	31
1289.15	767	41
1524.37	763.302	43
1326.16	544.529	51
1179.96	448.48	25
267.377	11.1039	77

File: 10_5_20120084.raw
482.605	1437.41	76
2425.15	979.462	26
339.909	832.591	44
1293.83	770.569	58
2565.43	770.435	23
1529	765.892	37
1330.23	548.128	39
1184.3	451.4	30
272.706	19.3824	102

File: 10_5_20120085.raw
489.316	1444.33	57
2245.9	1007.71	21
2431.42	978.789	19
345.673	839.694	49
1299.15	773.829	41
1534.84	768.93	43
2571.27	768.867	45
1334.67	551.352	54
1188.86	456.286	21
2456.84	371.737	19
275.724	27.5	76

File: 10_5_20120086.raw
499.478	1451.51	67
353.265	848.388	49
1306.22	778.217	60
1541.32	772.613	31
2579.17	767.826	46
1340.26	555.963	54
1194.12	460.92	25
280.404	38.0213	47

File: 10_5_20120087.raw
505.815	1456.72	65
2445.55	978.136	22
358.714	853.714	63
1310.84	781.111	45
1545.66	774.771	35
2583.55	766.83	53
1344.44	558.63	54
1196.78	464.261	23
281.565	41.8261	23

File: 10_5_20120088.raw
513.258	1462.85	66
2266.79	1008.74	19
2452.38	978.154	26
365.019	860.558	52
1315.74	785.106	47
1551.6	777.714	42
2588.71	766.238	21
1349.67	561.738	61
1201.9	468.586	29
287.298	51.8723	94

File: 10_5_20120089.raw
522.333	1469.09	57
2272.6	1009	20
2459.67	977.762	21
371.281	867.938	64
1321.56	788.585	41
1556.66	780.136	44
1354.07	565.491	55
1206.38	472.875	24
289.423	58.6923	26

File: 10_5_20120090.raw
530.283	1476.12	60
2466.57	977.524	21
377.241	874.483	58
1327.12	792.375	48
1562.9	782.885	52
1358.62	569.622	45
1210.41	476.875	32
294.901	68.6338	71

File: 10_5_20120091.raw
538.638	1482.14	80
2473.88	977.121	33
384.441	882.559	68
1332.33	796.31	42
1568.59	786.022	46
1364.1	572.828	58
1215.44	481.256	39
298.925	76.3208	53

File: 10_5_20120092.raw
547.365	1488.51	63
2480.96	976.423	26
391.203	889.438	64
1338.62	799.88	50
1574.29	789.049	41
1368.92	577.04	50
303.829	86.3	70

File: 10_5_20120093.raw
554.151	1494.38	53
2486.86	975.31	29
396.529	896.039	51
1343.42	803.089	45
1578.75	791.5	32
1373.04	579.938	48
1223.37	489.233	30
304.531	92.3125	64

File: 10_5_20120094.raw
562.987	1500.41	75
2494.17	974.826	23
403.52	902.52	50
1349.02	806.574	47
1584.85	794.515	33
1377.92	583.258	62
1228.57	493.033	30
311.206	100.969	97

File: 10_5_20120095.raw
570.42	1506.62	50
2313.89	1010.26	19
2500.27	974.5	22
409.023	909.273	44
1354.75	809.975	40
1589.62	796.588	34
1382.63	586.407	54
1232.94	496.688	32
314.366	107.756	41

File: 10_5_20120096.raw
579.685	1513.73	73
2508.75	973.875	24
416.403	917.458	72
1360.68	813.864	44
1596.11	799.556	36
1387.98	590.88	50
1237.94	501.097	31
1238.43	266.905	21
320	116.077	39

File: 10_5_20120097.raw
587.355	1518.66	62
2515.15	973.192	26
421.925	923.019	53
1365.77	817.146	48
1601.18	801.515	33
1392.6	594.167	48
1241.71	505.143	28
323.321	125.048	84

File: 10_5_20120098.raw
595.951	1524.27	81
2522.47	972.842	19
428.689	930.197	61
1371.89	820.386	44
1607.58	804.944	36
1397.19	596.944	54
1246.59	509.31	29
328.032	132.587	63

File: 10_5_20120099.raw
603.589	1530.84	56
2528.91	972.217	23
434.937	936.46	63
1377.13	823.865	52
1612.67	807.583	36
1401.66	600.302	53
1250.97	513.138	29
331.396	140.938	48

File: 10_5_20120100.raw
611.605	1536.45	76
2535.78	971.043	23
441	942.606	71
1382.85	827.692	52
1618.28	808.974	39
1406.45	603.642	53
1255.03	517.091	33
335.939	147.755	49

File: 10_5_20120101.raw
620.278	1542.15	54
2542.88	970.458	24
447.926	949.294	68
1388.73	830.436	55
1623.88	812.333	42
1410.97	607.125	40
1259.58	521	26
3.67647	504.265	34
340.151	155.767	86

File: 10_5_20120102.raw
628.81	1549.29	58
2551.04	969.625	24
455.174	956.609	46
1394.76	834.429	49
1629.97	814.861	36
1416.61	610.424	59
1265.79	525.25	24
3.04167	512.875	24
344.057	164.457	70

File: 10_5_20120103.raw
636.658	1554.33	76
2556.96	968.667	27
461.161	962.875	56
1400.11	837.411	56
1634.76	817.206	34
1421.06	613.981	52
1269.28	529.08	25
8.15385	521	26
348.787	170.894	94

File: 10_5_20120104.raw
650.102	1563.61	88
2379.47	1010.11	19
471.754	973.304	69
2568.45	967.8	20
1409.13	843.467	45
1644.14	821.306	36
1429.72	618.967	60
20.2069	534.776	58
1276.75	534.833	24
354.976	184.429	84

File: 10_5_20120105.raw
653.194	1565.95	62
473.627	976.153	59
2570.44	966.56	25
1410.88	843.854	48
1646.67	822.204	49
1431	620	52
1278.48	536.28	25
356.5	187.132	76

File: 10_5_20120106.raw
661.76	1571.27	75
2389.95	1009.5	20
480.143	983.02	49
2578.08	965.92	25
1417.29	847.978	45
1652.8	824.694	49
1435.79	623.365	52
27.0508	546.983	59
1282.93	540.321	28
360.705	194.984	61

File: 10_5_20120107.raw
678.016	1583.33	64
493.702	995.667	57
1428.37	853.512	41
1663.62	829.55	40
1445.59	629.673	49
40.3333	563.881	42
1292.37	548	27
2560.19	349.143	21
368.8	210.333	90

File: 10_5_20120108.raw
685.844	1589.23	64
499.846	1001.65	65
1434.09	856.857	35
1669.23	831.718	39
1450.48	632.768	56
45.3529	572.088	34
1296.77	551.654	26
614.565	263.043	23
372.188	217.588	85

File: 10_5_20120109.raw
702.933	1600.27	60
513.216	1014.69	51
2423	1008.7	20
1445.91	863.674	43
1680.76	836.342	38
1460.91	639.83	47
56.0952	587.667	21
1306.07	559.036	28
382.077	232.092	65

File: 10_5_20120110.raw
710.918	1605.52	61
518.51	1021	49
1451.75	867.111	36
1686.32	838.568	44
1465.35	642.239	46
64.3061	597.061	49
1311.08	562.625	24
385.4	239.938	65

File: 10_5_20120111.raw
722.366	1612.56	71
527.788	1029.61	66
1458.87	871.079	38
1693.33	841.644	45
1472.06	646.769	52
1317.06	566.774	31
390.926	249.407	81

File: 10_5_20120112.raw
728.205	1616.65	88
532.86	1033.98	50
1463.4	873.231	52
1697.73	843.73	37
1475.43	648.49	51
73.3684	613.211	19
1320.58	570.278	36
394.796	254.722	54
2116.42	2.91667	24

File: 10_5_20120113.raw
736.365	1623.04	74
539.4	1040.28	60
1469.17	876.341	41
1703.57	845.4	35
1480.36	651.718	39
80.7586	621.345	29
1325.09	573.719	32
639.476	302.619	21
398.788	262.671	85

File: 10_5_20120114.raw
747.557	1629.19	88
548.062	1048.83	65
1477.22	880.3	60
1711.25	848.775	40
8.63636	717.5	22
1486.64	656.111	45
90.125	632.675	40
1331.23	578.742	31
404.495	271.684	95

File: 10_5_20120115.raw
753.5	1634.11	62
553.25	1053	40
1480.69	882.545	55
1715.2	850.6	40
13.0417	723.833	24
1491.19	658.377	53
94.1176	639	34
1334.63	581.343	35
407.947	276.72	75

File: 10_5_20120116.raw
761.941	1638.71	68
560.058	1059.19	52
1486.72	885.277	47
1721.57	852.364	44
20.4583	731.917	24
1495.44	660.889	45
97.9615	645.654	26
1339.27	584.6	30
412.154	283.551	78

File: 10_5_20120117.raw
771.74	1645.58	77
567	1066.3	64
1493.32	888.559	59
1727.23	855.286	35
26.28	740.8	25
1501.43	664.137	51
107.532	655.855	62
1344.5	588.85	20
416.63	292.533	92

File: 10_5_20120118.raw
787.84	1655.89	75
580.061	1078.18	49
1504.53	894.675	40
1738.4	859.233	30
38.625	757	24
118.486	671.297	37
1511.11	669.868	53
1354.17	595.5	24
664.421	340.421	19
425.092	306.092	98

File: 10_5_20120119.raw
804.947	1666.63	75
593.34	1089.76	50
2508.11	1003.52	27
1516.37	900.814	43
1750.38	863.452	42
51.619	773.19	21
129.933	686.933	45
1520.92	675.711	38
1363.31	602.615	26
433.94	320.155	84

File: 10_5_20120120.raw
813.015	1671.57	65
600.294	1096	51
1522.57	902.696	46
1756.21	865.553	38
58.2857	781.524	21
136.021	694.298	47
1526.29	678.694	49
1368.26	605.895	38
438.015	327.343	67

File: 10_5_20120121.raw
822.402	1677.32	87
607.678	1102.71	59
1528.61	906.139	36
1762.3	867.375	40
65	789.619	21
142.25	703.05	20
1531.91	681.6	55
1373.53	609.367	30
682.5	366.5	24
443.255	335.223	94

File: 10_5_20120122.raw
831.313	1681.84	67
614.319	1108.28	69
2529.76	1001.32	25
1534.2	909.073	41
1767.62	869.441	34
148.745	710.782	55
1537.22	684.756	41
1378.33	613.259	27
686.318	371.318	22
447.14	341.94	50

File: 10_5_20120123.raw
840.3	1688.39	70
622.091	1115.91	55
2537.76	1000.08	25
1541.75	912.863	51
1775	871.775	40
155.267	720.1	30
1542.83	687.617	47
1383.52	617.174	23
453.303	350.289	76

File: 10_5_20120124.raw
847.954	1693.37	65
628.333	1120.65	51
1546.98	914.554	56
1780.1	873.769	39
84.9583	814.125	24
161.557	726.492	61
1547.42	690.442	52
1388.48	619.815	27
695.708	384.375	24
456.961	355.921	76
2154.92	9.625	24

File: 10_5_20120125.raw
859.244	1699.31	78
636.567	1128.18	67
1554.13	917.872	47
1786.71	876.286	28
168.44	735.92	25
1553.87	693.5	60
1394.05	624.476	21
1366.24	393.19	21
462.301	364.554	83

File: 10_5_20120126.raw
865.256	1703.27	90
642.173	1132.83	52
1559.09	920.945	55
1791.48	877.478	23
98	830.4	20
173.443	742.23	61
1557.95	696.372	43
1397.87	626.913	23
465.859	370.606	71

File: 10_5_20120127.raw
882.093	1713.52	86
655.135	1144.54	52
1570.45	926.25	40
1803.24	881.676	34
111.219	845.75	32
185.79	757.081	62
1567.73	701.022	45
1407.69	632.885	26
474.911	383.241	79
2165.47	12.0526	19

File: 10_5_20120128.raw
891.532	1718.66	77
662.136	1149.94	66
1576.33	928.978	45
1809.59	883.059	34
117.562	853.344	32
191.898	764.49	49
1573.13	703.894	47
1412.75	636.7	20
480.055	391.099	91

File: 10_5_20120129.raw
899.438	1724.29	73
669	1155.73	70
2585.95	995.316	19
1582.81	931.717	53
1815.55	885.097	31
123.375	861.25	24
198.383	773.15	60
1578.77	706.351	57
1417.46	639.964	28
484.133	397.256	90

File: 10_5_20120130.raw
909.07	1729.06	86
676.833	1161.38	48
1588.75	934.021	48
1821.27	886.537	41
130.839	869.29	31
204.19	780.5	42
1583.14	709.343	35
1421.91	642.5	22
488.9	404.533	60
2174	12.9565	23

File: 10_5_20120131.raw
917.575	1734.1	73
683.176	1166.9	51
1594.71	936.538	52
1827.09	888.515	33
136.947	876.684	19
210.162	788.351	37
1588.9	712.034	59
1428	646.6	25
730.25	431.1	20
493.747	411.278	79

File: 10_5_20120132.raw
2.88889	1927.06	36
926.193	1739.05	57
690.086	1173.07	58
1600.7	939.372	43
1832.88	890.72	25
143.593	884.667	27
216.625	795.156	32
1593.79	714.179	56
1432.7	649.478	23
735.348	438.652	23
497.884	418.072	69

File: 10_5_20120133.raw
15.4808	1936.04	52
936.655	1744.74	87
699.106	1180.21	47
1608.44	942.4	55
1840.4	893.05	40
152.125	893.833	24
224.093	804.651	43
1600.8	717.593	59
1438.33	653.444	27
503.224	427.066	76

File: 10_5_20120134.raw
943.653	1748.83	75
704.49	1184.2	51
1612.79	944.596	52
157.524	899.524	21
1844.5	894.225	40
229.761	810.696	46
1604.3	719.75	40
1442.79	656	33
743.632	449.789	19
507.548	432.119	84

File: 10_5_20120135.raw
952.383	1753.87	60
711.533	1190.6	60
1619.35	947.261	46
1851.12	895.595	42
235.431	818.137	51
1610.45	722.431	58
1447.88	659.64	25
511.955	438.731	67

File: 10_5_20120136.raw
961.684	1758.82	76
718.02	1195.84	51
1625.43	949.537	54
170.632	915.368	19
1857.11	897.5	38
241.955	825.788	66
1615.05	725.256	43
1452.21	662.464	28
753.7	461.35	20
516.575	445.812	80

File: 10_5_20120137.raw
970.085	1764.36	59
725.632	1201.72	57
1631.15	952.073	41
177.2	923.44	25
1863.36	898.56	50
247.925	832.94	67
1620.45	727.362	58
1457.71	665.821	28
521.302	451.465	86

File: 10_5_20120138.raw
979.811	1768.66	74
732.571	1207.55	56
1637.47	954.526	38
185.333	930.485	33
1869.33	900.422	45
255.268	840.929	56
1626.1	730.082	49
1463.12	668.75	32
526.362	459.087	69

File: 10_5_20120139.raw
988.392	1773.28	74
739.717	1213.25	53
1643.86	957.224	49
191.345	937.931	29
1875.25	902.594	32
261.339	847.742	62
1630.85	731.935	46
1467.78	671.593	27
767.15	478.3	20
531.636	465.758	66

File: 10_5_20120140.raw
1007.19	1783.12	75
754.984	1224.52	61
1656.68	962.632	57
1887.5	906.083	36
274.21	862.968	62
1642.11	737.477	44
1478.11	678.37	27
540.987	479.632	76

File: 10_5_20120141.raw
1013.97	1787.83	63
760.128	1229.6	47
1662.44	964.833	36
211.071	960.357	28
1893.56	906.98	50
279.824	869.471	51
1646.96	739.75	48
1483.05	680.952	21
545.746	485.508	59

File: 10_5_20120142.raw
1023.25	1791.9	63
767.511	1235.04	47
1667.85	967	41
1898.95	908.475	40
286.929	875.357	42
1652.17	742.167	42
1487.57	683.905	21
549.37	492.12	92

File: 10_5_20120143.raw
1032.61	1796.21	66
775.13	1240.15	54
224.52	975.16	25
1674.79	969.023	43
1905.35	910.115	52
293	883.56	50
1657.82	744.697	33
1493.38	687	26
790.92	507.48	25
554.935	498.097	62
2213.26	16.6316	19

File: 10_5_20120144.raw
1042.85	1802.11	82
783.914	1246.72	58
232.8	983.75	20
1682.37	972.224	49
1912.59	911.848	46
300.344	892.75	64
1664.15	747.927	41
1499.04	690.4	25
796.833	514.5	24
560.434	506.684	76

File: 10_5_20120145.raw
1049.61	1806.07	70
789.397	1250.84	58
238.318	990.273	22
1686.67	973.545	33
1917.31	912.956	45
304.929	898.393	56
1668.52	749.333	54
1503.57	692.857	21
564.514	511.5	72

File: 10_5_20120146.raw
1058.72	1810.37	57
796.507	1256.25	67
244.879	997.273	33
1692.8	976.029	35
1922.96	914.444	45
311.255	904.936	47
1673.66	750.593	59
1508.6	695.48	25
569.094	517.753	85

File: 10_5_20120147.raw
1067.93	1815.63	57
804.338	1262.02	65
252.038	1004.77	26
1699.32	978.702	47
1929.55	915.383	47
318.219	912.219	64
1679.61	754.035	57
1513.92	698.44	25
809.269	529.385	26
574.935	524.113	62

File: 10_5_20120148.raw
1077.26	1819.8	88
810.943	1267.23	53
258.391	1011.65	23
1705.58	980.927	55
324.5	919.463	54
1935.7	917.45	40
1684.57	755.886	44
1519.11	701.536	28
814.65	535.8	20
579.442	530.953	86

File: 10_5_20120149.raw
1086.05	1824.73	60
818.633	1272.2	60
265.481	1018.93	27
1712.49	983.208	53
331.667	926.462	39
1942.16	918.889	45
1690.15	759.333	39
1524.17	704.034	29
819.591	541.091	22
584.593	537.695	59

File: 10_5_20120150.raw
1095.24	1828.58	76
825.411	1277.7	56
272.48	1026.64	25
1718.24	985.571	49
338.42	934.08	50
1947.9	919.875	40
1695.57	761.048	42
1529.79	707.636	33
824.421	545.947	19
589.432	543.392	74

File: 10_5_20120151.raw
1104.1	1833.84	77
833.078	1283.03	64
279.167	1033.71	24
1724.34	987.636	44
345.105	941.228	57
1954	921.974	39
1700.79	763.429	42
1534.48	710.4	25
593.888	550.162	80

File: 10_5_20120152.raw
1113.83	1838.52	66
840.676	1288.81	68
286.609	1041.22	23
1731.4	989.698	43
351.051	947.814	59
1960.34	923.114	44
1706.96	765.396	48
1539.82	713.409	22
599.656	556.516	64
833.407	557.37	27

File: 10_5_20120153.raw
1123.1	1843.33	51
847.782	1293.82	55
293.556	1048.52	27
1738.23	991.904	52
358.282	955.205	39
1967.18	923.898	49
1712.38	767.689	45
1545.5	715.625	24
604.926	563.315	54
838.792	563	24

File: 10_5_20120154.raw
1132	1847.22	72
855.219	1298.99	73
300.4	1055.27	30
1743.81	993.957	47
363.881	961.39	59
1973.02	925.833	48
1717.78	770.18	50
1550.04	718.76	25
609.714	569.457	70

File: 10_5_20120155.raw
1140.83	1851.41	64
862.288	1303.94	66
307.185	1061.96	27
1749.92	996.449	49
370.385	968.872	39
1979.12	926.84	50
1722.95	772.024	42
1555.58	721.667	24
614.597	575.419	62
848.52	574.4	25

File: 10_5_20120156.raw
1150.35	1856.57	54
870.491	1309.19	53
314.423	1070	26
1756.76	998.757	37
377.619	975.595	42
1985.12	928.059	34
1722.63	922.158	19
1729.33	774.286	49
1561.55	724.65	20
619.969	581.531	98
853.636	579.273	22

File: 10_5_20120157.raw
1158.88	1860.21	72
877.03	1314.79	66
321.529	1075.91	34
1763.06	1000.57	49
383.755	981.551	49
1991.5	929.327	52
1733.78	776.5	40
1565.85	727.074	27
624.935	587.545	77
857.696	585	23

File: 10_5_20120158.raw
1168.53	1865.27	62
884.678	1319.61	59
328.281	1083.44	32
1769.28	1002.94	50
390.234	989.553	47
1997.05	930.69	42
1739.67	778.576	33
1571.73	729.5	26
629.843	593.989	89
862.846	590.192	26

File: 10_5_20120159.raw
1178.43	1869.57	76
893.359	1325.05	64
336.211	1090.74	19
1776.8	1004.41	54
397.688	996.417	48
2005.02	931.732	41
1741.4	928.55	20
1745.78	780.6	55
1577.38	732.905	21
635.6	600.056	90

File: 10_5_20120160.raw
1186.57	1873.45	56
899.509	1329.72	53
342.5	1097.75	24
1781.78	1006.84	49
403.768	1002.8	56
2010.06	932.742	31
1751.05	782.65	60
1583.12	734.875	24
640.483	606.382	89

File: 10_5_20120161.raw
1195.34	1877.31	59
907	1334.73	48
410.1	1009.3	50
1787.78	1008.75	32
2016.12	934	43
1755.33	784.879	33
1587.08	737.75	24
644.839	612.21	62
878	606.091	22

File: 10_5_20120162.raw
1204.83	1881.47	75
914.433	1339.34	67
356.138	1111	29
417.056	1016.54	54
1794.8	1010.57	46
2022.26	935.109	46
1758.65	934.3	20
1761.38	787	32
1592.77	740.226	31
650.289	619.145	76

File: 10_5_20120163.raw
1214.1	1885.48	77
921.673	1344.44	55
363.875	1118.29	24
424.109	1023.13	55
1800.72	1011.84	43
2028.22	936.27	37
1767.48	788.278	54
1598.04	742.68	25
655.723	624.795	83
887.818	616.364	22

File: 10_5_20120164.raw
1225.14	1890.55	86
930.429	1350.35	49
372.28	1125.84	25
431.559	1030.71	59
1808.86	1014.55	49
1771.89	938.842	19
2036.05	937.667	39
1773.4	791.143	35
1604.65	746.087	23
662.025	631.911	79

File: 10_5_20120165.raw
1232.62	1894.01	81
936.266	1354.12	64
377.484	1131.61	31
437.049	1036.05	61
1813.65	1016.17	40
2040.54	938.189	37
1778.61	792.588	51
1609.09	748	22
666.017	636.746	59
898.667	627.042	24

File: 10_5_20120166.raw
1243.03	1899.21	63
945.436	1360.11	55
385.4	1139.35	20
443.939	1043.12	49
1821.31	1018.73	51
2047.8	940.1	40
1784.88	794.479	48
1614.9	751.524	21
671.731	643.846	78
904.65	633.05	20

File: 10_5_20120167.raw
1251.07	1902.04	95
951.418	1364.41	79
391.786	1145.07	28
450.208	1048.96	48
1826.37	1020.07	41
2053.5	940.778	36
1789.26	796.696	46
1619.78	753.522	23
676.377	649.087	69
908.379	637.414	29

File: 10_5_20120168.raw
1261.9	1907.2	91
960.548	1369.94	62
399.542	1152.62	24
457.886	1056.94	70
1834.23	1022.47	47
2060.93	941.667	27
1795.98	799.167	42
1625.84	756.24	25
682.441	656.356	59

File: 10_5_20120169.raw
1269.34	1910.24	76
966.465	1374.09	43
405.263	1158.42	19
464.231	1061.96	52
1839.18	1023.68	50
2065.59	942.659	41
1800.35	800.175	40
1630.53	758.579	19
686.868	660.592	76
