File: 10_5_20120000
858.375529	4.697803	21
862.736890	357.010876	41
970.619737	152.746885	54
1092.818436	432.360416	37
1849.149143	913.396841	30
2036.040301	767.706865	35
2067.088073	370.500778	16
2196.344359	1655.738251	144
2375.871832	1941.018893	55

File: 10_5_20120001
19.623349	1505.674106	16
861.510445	11.060476	21
867.485634	362.862496	56
974.372378	157.565508	62
1097.599349	437.279471	42
1681.660513	886.262337	18
1855.439452	915.171880	27
2042.696820	768.784221	41
2071.395825	371.702846	19
2205.929351	1656.704953	133
2387.352776	1942.087356	33

File: 10_5_20120002
865.480942	19.222576	21
873.129244	370.545297	46
979.265629	165.839920	48
1103.585931	443.591768	48
1863.664523	917.786232	19
2050.562166	769.881007	34
2218.386515	1658.018611	124
2401.495138	1942.365230	32

File: 10_5_20120003
875.202905	372.711398	34
980.960700	167.791500	60
1105.680333	445.805619	38
1866.330864	918.602531	28
2053.007647	770.414200	44
2079.060399	373.084823	17
2222.935075	1658.674559	135
2405.228221	1942.397105	30

File: 10_5_20120004
42.039179	1523.429179	28
877.249919	375.801140	40
982.401865	170.744671	58
1107.821839	448.037391	40
1694.725844	891.960252	16
1869.692608	918.970675	28
2055.816231	770.938835	28
2227.463779	1659.166456	137
2410.889990	1942.354373	23

File: 10_5_20120005
870.001862	27.278674	17
879.560628	378.827258	41
984.434529	173.659023	64
1110.169208	451.049930	58
1699.176395	893.169917	17
1873.403045	920.327422	27
2059.400424	771.499007	37
2233.449284	1659.470391	139
2417.383276	1942.292515	33

File: 10_5_20120006
51.721384	1533.281175	30
872.094874	31.424607	19
882.601420	382.219174	45
987.298203	176.784274	41
1112.998299	453.150141	48
1702.377114	894.526122	16
1877.402096	921.575257	21
2063.138139	772.210066	43
2239.190191	1660.044329	141

File: 10_5_20120007
59.189538	1538.525172	27
874.970587	36.148363	26
886.015836	386.651176	55
989.105161	180.562287	56
1116.829067	456.795938	53
1882.396353	922.839014	21
2066.855954	773.062362	27
2245.706321	1660.969821	125

File: 10_5_20120008
62.895719	1543.642395	21
888.126401	388.906925	44
991.100352	183.233511	54
1118.781417	459.225205	41
1885.309366	923.460623	26
2069.984955	773.348465	34
2250.729454	1661.553519	138

File: 10_5_20120009
70.899950	1549.497387	19
879.056666	43.831164	25
891.772828	394.107939	41
994.278748	187.920595	54
1122.616162	463.281984	45
1891.213776	924.970142	27
2075.310141	774.025428	38
2095.331773	375.745699	19
2259.372434	1662.214162	136

File: 10_5_20120010
77.002388	1553.366528	27
881.191560	46.900615	16
894.333582	397.319433	35
996.230329	190.905264	50
1124.918083	466.005504	35
1718.986135	900.597902	21
1893.994037	925.885795	16
2043.898538	1704.723329	16
2078.709551	774.849835	33
2264.314383	1662.623685	123

File: 10_5_20120011
883.730083	52.939479	20
898.719662	402.594462	47
999.692200	195.849906	65
1129.744517	470.459275	46
1900.493371	927.652726	25
2083.951863	775.372173	29
2101.467063	376.295459	17
2273.736411	1663.231102	131

File: 10_5_20120012
885.444215	56.371701	16
901.523997	406.346505	55
1001.871324	199.444937	71
1132.406686	473.026866	36
1904.156304	928.715507	23
2087.873291	775.641747	33
2104.849528	376.905898	16
2279.799070	1663.983484	145

File: 10_5_20120013
96.325089	1567.959178	46
887.215172	59.084156	25
903.080346	408.115291	53
1003.197533	201.456696	36
1134.427998	474.788996	40
1731.292644	904.883122	22
1906.882696	929.042576	21
2089.651854	776.380170	34
2282.986026	1664.433192	129

File: 10_5_20120014
888.900938	63.313237	24
905.833431	412.145503	40
1006.230605	205.105220	52
1137.850505	478.394682	35
1911.386588	929.694338	25
2094.701507	776.877021	44
2290.552763	1664.835616	146

File: 10_5_20120015
107.563299	1580.465791	23
115.487096	1577.694673	21
891.018447	66.061445	16
909.312449	415.716882	68
1008.594026	208.797702	66
1140.659714	481.308705	37
1739.842469	908.085768	16
1915.966283	931.207963	27
2098.354323	777.189218	32
2297.010948	1665.281075	144

File: 10_5_20120016
121.984435	1591.180894	25
896.817127	76.049785	22
916.233467	424.547386	53
1014.061047	216.653252	49
1147.428459	488.240057	38
1749.845333	911.669823	18
1926.010133	933.426137	27
2106.935365	778.842685	21
2311.683929	1666.488528	123

File: 10_5_20120017
132.750522	1596.553339	56
919.979367	428.572819	46
1016.914435	220.466290	42
1151.231990	491.819086	43
1754.631005	913.113137	18
1930.703208	934.861742	18
2112.309677	779.051928	37
2319.795467	1667.148236	130

File: 10_5_20120018
923.158224	431.901224	42
1019.281298	223.595743	45
1154.100629	494.719994	37
1758.658577	914.506143	16
1934.861570	935.632843	26
2115.650288	779.288496	37
2325.576175	1667.257206	123

File: 10_5_20120019
925.019231	434.876330	48
1021.245235	226.544963	50
1157.220050	496.984278	33
1762.054612	915.945924	22
1938.330188	936.644191	25
2118.458762	779.832596	31
2330.998514	1667.390296	97

File: 10_5_20120020
905.987679	92.549570	32
929.171307	439.283565	53
1024.532056	230.891112	50
1160.540544	500.690384	43
1767.519426	917.224768	20
1944.230937	937.790871	21
2124.084112	780.222633	29
2318.743361	828.769671	17
2339.443792	1668.581732	120

File: 10_5_20120021
933.591186	445.147239	39
1028.823862	236.155432	54
1165.080089	505.303950	39
1950.601540	939.153317	26
2130.181429	781.390291	43
2135.424674	382.009166	19
2349.385164	1668.892710	138

File: 10_5_20120022
161.898529	1626.610481	27
911.142830	100.786362	17
936.492234	447.852317	46
1030.815571	239.448185	56
1168.329316	507.823133	34
1954.198376	940.100109	27
2134.028567	781.392476	28
2355.005436	1669.602813	130

File: 10_5_20120023
913.298550	105.487574	25
940.016889	452.270059	45
1033.196414	242.761518	59
1172.198525	511.362180	42
1782.113563	922.612529	16
1959.216022	941.377543	27
2138.419843	782.211073	39
2362.441002	1669.896636	128

File: 10_5_20120024
915.715408	109.260412	21
943.321238	455.907453	44
953.423300	372.475191	17
1036.031675	246.598494	62
1175.119235	514.642656	44
1786.872463	924.092578	16
1963.804765	942.248769	23
2142.779855	782.296015	44
2369.535485	1670.018719	134

File: 10_5_20120025
920.216132	116.942007	24
948.510565	462.234485	40
1040.863420	252.783916	51
1180.952052	519.182423	46
1971.457256	943.686279	26
2149.600872	783.265727	39
2381.165355	1670.899348	115

File: 10_5_20120026
920.827737	119.007775	20
951.096374	465.001858	58
1042.732980	255.241891	52
1183.588192	521.574973	44
1797.719711	927.326355	18
1974.755197	944.732696	19
2152.482179	783.441612	35
2386.305282	1671.067892	118

File: 10_5_20120027
924.998835	125.239465	32
956.013967	470.206611	48
1046.862641	260.167278	53
1188.043627	526.464128	38
1804.380303	929.054241	18
1981.921138	945.691584	33
2159.254748	784.269747	52
2396.599013	1671.302948	135

File: 10_5_20120028
928.906640	129.844504	21
960.587867	475.381576	54
1050.074459	265.042474	62
1192.620906	530.207570	41
1809.876323	930.991926	20
1987.933252	947.026975	19
2164.628886	784.509080	37
2405.907364	1671.903484	124

File: 10_5_20120029
219.709660	1670.915686	18
931.763783	135.991130	25
965.048700	480.120304	47
1054.231911	269.739530	57
1197.141329	534.703582	42
1816.600784	933.074132	23
1994.065771	948.637973	25
2170.284675	785.427598	51
2415.573894	1672.512269	141

File: 10_5_20120030
233.132151	1680.862059	28
936.672566	143.320022	27
971.287448	487.155380	39
1059.429643	276.506263	51
1204.143996	540.607605	41
1825.212198	935.843953	17
2003.146927	950.137076	23
2178.437378	786.349089	32
2429.524268	1673.106307	149

File: 10_5_20120031
8.542173	986.817138	63
250.240949	1695.395318	19
943.498872	154.347028	20
980.866428	497.628912	48
1066.515993	286.377622	52
1213.334818	549.009067	37
2015.941118	952.616242	25
2190.508681	787.139186	27
2448.798977	1673.965530	143

File: 10_5_20120032
16.107028	995.740161	59
261.694857	1701.395672	35
946.721558	159.695634	24
985.362263	502.997655	42
1071.327383	291.362958	59
1218.412852	553.302567	41
1843.893398	941.363392	17
2022.601617	954.074415	18
2183.752719	386.203823	19
2196.025025	787.905649	34
2459.200585	1674.100001	156

File: 10_5_20120033
22.877661	1002.813854	71
271.827302	1707.047031	40
950.089623	165.928725	19
989.840021	507.264356	41
1074.459244	295.769014	56
1222.937963	556.652993	41
2028.023880	954.938125	24
2201.297820	787.959926	30
2468.111096	1674.610422	154

File: 10_5_20120034
2.414270	371.212504	26
41.522027	1022.740183	65
291.223265	1725.481776	32
958.794523	177.632263	23
1001.088599	519.687375	49
1083.866443	307.282461	49
1234.864490	566.923476	39
1865.662782	947.324080	24
2044.147030	957.431397	26
2216.074941	788.435189	42
2492.483123	1675.020960	142

File: 10_5_20120035
6.905031	380.174511	43
48.636071	1030.815782	78
301.031328	1733.053620	26
961.888697	182.449238	21
1005.573603	524.614039	38
1087.728233	312.008084	57
1239.259317	570.747087	42
1871.504857	949.061668	16
2050.847923	958.310529	25
2222.169740	788.947784	42
2502.106854	1675.091386	141

File: 10_5_20120036
12.069227	388.638137	29
55.591374	1038.791549	71
309.766373	1739.243835	31
965.737348	188.456028	25
1010.920427	529.598515	41
1091.968049	316.682799	49
1244.106417	574.833210	42
2056.637371	959.802760	17
2228.059234	789.259770	44
2512.099982	1675.286662	154

File: 10_5_20120037
20.515204	400.681645	68
65.881006	1048.641853	96
322.403051	1746.324844	57
969.476034	194.805329	18
1015.739123	535.272806	50
1096.979554	322.251395	63
1249.993419	579.449255	50
2064.751032	960.911635	24
2235.183938	789.430778	32
2524.222643	1675.489895	144

File: 10_5_20120038
30.319663	416.012341	47
77.179793	1062.659510	51
338.284701	1758.973361	47
976.302405	203.784558	27
1025.145050	544.171188	44
1103.758481	330.419775	50
1258.397717	586.423304	41
1809.034622	518.660469	16
1896.881205	956.016834	21
2076.218471	962.486169	20
2220.138716	388.423852	21
2245.803365	790.065140	26
2542.163913	1675.723255	150

File: 10_5_20120039
38.812365	429.037588	47
88.831783	1074.730976	56
350.458222	1770.174260	22
981.719681	211.948333	31
1031.722165	550.801019	54
1109.784948	337.335073	45
1265.506425	592.422409	49
1905.992582	957.929577	20
2085.773041	963.739136	27
2254.505378	790.116912	31
2556.592691	1675.824481	141

File: 10_5_20120040
43.244246	437.435652	39
96.374682	1082.346154	65
362.064331	1775.771669	43
985.670761	217.097101	20
1036.750773	555.681222	51
1113.977672	341.948922	41
1270.569628	596.542702	37
2092.489857	964.877033	23
2260.380232	790.708391	41
2566.856216	1676.127285	148

File: 10_5_20120041
50.215362	446.572712	68
104.103961	1090.067669	77
370.046753	1782.739660	37
988.560783	222.152328	31
1041.067880	560.852644	43
1117.530662	346.619450	56
1275.431215	600.407200	34
1918.681849	960.584271	17
2098.813730	966.194846	26
2234.959725	389.393491	16
2266.205711	790.700212	36
2576.684262	1675.878634	145

File: 10_5_20120042
55.495943	456.405432	35
112.841376	1099.040461	86
381.187835	1789.908305	28
993.278544	227.968686	31
1047.025331	565.965662	53
1122.032905	351.673566	48
1281.178448	604.967527	43
2105.865140	966.636734	23
2273.257735	790.601049	37
2587.733380	1675.673323	110

File: 10_5_20120043
65.744053	471.564483	40
125.448557	1112.575585	73
396.902540	1802.922449	47
999.264808	236.579799	27
1055.766265	574.594765	50
1129.265949	359.987914	49
1289.851481	611.333736	40
2117.644184	967.948326	19
2247.945729	388.956373	19
2283.600788	790.959281	34

File: 10_5_20120044
71.982082	480.279052	55
132.808607	1120.298142	64
406.471287	1808.775208	42
1002.989464	242.110849	18
1060.897847	579.217667	46
1133.503660	364.357010	56
1295.109885	614.948904	37
2123.985907	968.697606	24
2252.448339	389.249283	17
2289.756963	790.941582	39

File: 10_5_20120045
84.377427	497.976011	56
149.439736	1136.692819	73
426.891731	1822.267968	48
1011.311995	252.944757	22
1071.042629	588.855111	60
1142.011092	373.659941	52
1305.286397	623.202946	42
1957.662779	969.782550	21
2137.680975	970.569767	17
2302.351070	791.206103	44

File: 10_5_20120046
93.952527	513.394752	38
163.424825	1151.419583	53
444.873886	1834.917174	41
1018.392550	262.110028	41
1080.572192	597.713245	45
1149.786497	382.477754	50
1315.160179	630.470147	44
1969.963848	972.453771	18
2150.754841	971.472771	20
2314.079333	790.945702	46

File: 10_5_20120047
100.511197	522.526512	52
170.947433	1158.907614	60
455.242314	1840.541113	37
1021.782930	266.823513	23
1085.411555	602.769299	43
1153.496306	386.480295	47
1319.870293	634.110775	49
1976.068712	973.553734	25
2157.359787	972.433892	30
2274.705863	388.858656	19
2320.203852	791.407981	38

File: 10_5_20120048
108.560498	533.686518	42
181.064684	1169.298259	57
467.041049	1850.336969	29
1027.102622	273.805029	39
1091.970937	609.044075	55
1159.947406	393.040731	39
1326.916959	639.034070	44
1984.924432	975.298265	17
2166.297394	973.430767	20
2280.481027	388.777269	19
2328.379717	791.077169	33

File: 10_5_20120049
113.803802	541.480508	42
187.805727	1175.911217	57
475.235603	1855.612352	37
1030.457812	278.376441	37
1096.698241	613.106462	57
1163.478397	396.557751	52
1331.467108	642.534782	43
2172.003762	974.006110	21
2333.466096	790.604928	37

File: 10_5_20120050
122.907296	554.815011	37
200.150307	1187.596465	54
491.155820	1865.398595	44
1036.997358	286.422048	35
1105.160759	620.378180	48
1170.153280	403.349942	60
1339.139105	648.263475	50
2001.084447	978.461959	17
2182.670526	974.987493	26
2342.970281	790.838011	28

File: 10_5_20120051
130.300044	563.367332	89
208.094877	1195.513498	61
500.185271	1871.808041	45
1040.254736	291.053890	29
1109.954006	624.604666	66
1174.774236	407.748260	57
1344.678393	651.775192	47
2007.724211	979.573049	16
2189.026704	975.484188	21
2349.272078	790.958345	29

File: 10_5_20120052
134.145276	571.559495	35
216.091456	1203.035298	58
509.765781	1879.495100	46
1045.186920	296.458785	24
1114.998483	629.469585	39
1179.131060	412.405247	62
1350.134646	655.521531	34
2014.443316	980.999769	20
2196.811135	976.145808	27
2300.590822	388.638118	16
2355.682484	790.312073	43

File: 10_5_20120053
139.485907	578.460664	51
221.995533	1209.743332	62
518.099580	1884.151560	88
1048.161791	300.368536	25
1119.371225	633.226053	37
1182.595516	415.876930	67
1354.160692	658.865256	39
2019.968011	982.021402	16
2201.992238	976.485283	22
2361.031371	790.450619	41

File: 10_5_20120054
145.214764	586.674511	42
229.818128	1216.473784	77
526.370848	1892.322344	26
1051.462453	305.727568	29
1124.511087	638.010198	44
1186.834445	420.254703	49
1359.552684	662.594411	37
1904.623723	551.896990	17
2026.472089	982.930807	24
2208.533878	976.864432	30
2367.187317	789.923562	34

File: 10_5_20120055
152.470298	596.150185	54
239.656785	1225.252141	89
538.692511	1898.027780	47
1056.720085	311.211127	40
1130.630277	643.368117	52
1192.568821	425.430949	65
1365.123098	666.487556	36
2034.192852	984.555291	18
2216.782995	977.519885	23
2374.326493	789.749014	41

File: 10_5_20120056
158.787178	603.836098	65
246.320029	1231.966689	69
547.671304	1902.946386	52
1059.756878	315.225046	36
1135.404543	646.943303	62
1195.951074	429.083178	54
1370.055755	669.679475	43
2040.379609	985.427080	18
2222.617545	977.658126	24
2380.001950	789.275833	38

File: 10_5_20120057
162.948158	611.243051	36
253.367673	1238.778421	72
555.454246	1910.337777	25
1063.842559	320.351366	24
1139.796548	651.213120	56
1200.067031	433.130725	44
1375.132454	672.941704	49
2046.969589	986.500599	24
2228.577260	978.405170	18
2322.670981	387.756686	16
2386.034347	789.545114	35

File: 10_5_20120058
169.542425	620.005414	42
261.903040	1246.872589	68
566.673846	1915.777688	48
1068.202958	325.045187	28
1145.614946	655.942949	47
1204.358762	438.005717	47
1380.225744	676.924689	33
2054.140044	987.453734	17
2235.819035	978.626635	27
2392.080188	788.917220	39

File: 10_5_20120059
174.865367	626.473928	46
268.264591	1252.525621	73
575.448976	1920.908166	38
1071.755197	329.179116	26
1149.456861	659.543248	42
1207.986186	441.555172	46
1384.721449	679.855522	41
2059.005994	988.310145	22
2241.623962	979.120933	25
2397.507053	788.686929	31

File: 10_5_20120060
180.713901	634.650175	56
275.888776	1259.460471	81
584.099164	1927.413529	47
1075.536531	333.908405	30
1155.113498	663.556723	62
1212.519013	445.396326	66
1390.216754	683.249843	43
2248.504646	979.344005	24
2403.342289	788.279967	33
2579.435206	1750.948447	19

File: 10_5_20120061
188.579627	645.379101	59
286.180980	1269.184439	79
596.815806	1934.373078	58
1080.613864	340.154855	22
1161.657656	669.421443	38
1218.427860	450.683374	52
1396.634125	687.583700	35
2074.176279	990.824971	18
2256.850405	979.349979	21
2411.210333	787.508781	44

File: 10_5_20120062
195.520051	654.043391	57
294.799313	1277.198591	63
608.785767	1941.239414	47
1085.745170	345.435657	32
1167.884068	674.075324	57
1223.407384	455.670447	55
1402.927070	691.647927	41
2264.664663	979.921975	30
2418.627632	786.876106	38

File: 10_5_20120063
201.332130	661.744218	60
302.794375	1284.598888	75
1089.171770	350.061958	39
1172.646151	678.702506	49
1227.662345	459.773160	50
1408.100764	694.732172	50
2271.990734	980.095263	25
2424.165968	786.750064	42

File: 10_5_20120064
207.697825	670.341943	50
310.854776	1292.095232	63
1093.663139	354.916997	39
1177.847220	682.975789	51
1232.503539	464.008271	47
1413.671751	698.330059	46
2278.452501	980.587702	21
2354.832708	385.183739	20
2431.220878	786.383673	36

File: 10_5_20120065
216.811188	681.400753	79
322.022912	1301.878198	68
1098.967759	361.550838	30
1186.554154	688.752870	44
1238.468536	469.873559	48
1421.155211	703.396200	41
2288.252229	980.863606	25
2439.875509	785.563548	42

File: 10_5_20120066
228.446591	696.156449	52
336.499953	1315.560849	67
1107.336677	371.060159	30
1196.137588	697.166939	48
1247.323867	477.636133	53
1431.755447	709.664500	49
2117.775256	996.735363	16
2301.076203	981.107686	20
2451.867868	784.467920	37

File: 10_5_20120067
237.272342	707.691452	50
348.586698	1325.649042	43
1113.879009	377.502517	23
1204.227317	703.470680	50
1253.992511	483.596464	44
1439.006125	714.442178	46
2311.149311	981.600518	19
2461.094594	783.349025	37

File: 10_5_20120068
240.388009	712.138056	51
353.516170	1329.498538	58
1115.754747	380.381223	27
1206.744694	705.790645	45
1256.822464	485.829180	53
1441.854186	716.394007	37
2131.528149	998.109641	20
2314.866791	981.530756	24
2465.103495	783.005301	33

File: 10_5_20120069
246.740757	720.061481	55
360.629139	1336.132611	66
1120.153616	384.838696	28
1212.115422	710.205743	41
1260.994062	489.416600	61
1447.587573	719.586750	42
2321.914444	981.419487	21
2470.764161	782.481108	39

File: 10_5_20120070
252.917308	727.191333	57
368.221750	1343.149693	70
1124.457072	389.444979	29
1217.852364	713.663090	49
1265.742091	493.881650	49
1452.679821	723.010736	42
2144.421590	999.869650	16
2328.472866	981.482675	18
2388.296680	382.312795	25
2476.902529	782.201853	39

File: 10_5_20120071
257.809748	734.640626	41
376.332645	1349.838021	84
1128.285688	393.658356	31
1223.091438	717.905808	47
1270.007203	497.471646	54
1458.030321	725.669692	42
2335.108333	981.474608	32
2483.008248	781.649044	45

File: 10_5_20120072
261.539708	738.144544	72
380.715980	1353.309907	61
1130.501812	395.908076	30
1225.742112	719.890727	56
1272.109338	499.194498	49
1460.892956	727.451434	47
2154.758304	1000.978149	18
2338.427778	981.957213	25
2485.880443	781.098504	45

File: 10_5_20120073
267.467929	745.358556	68
387.929180	1359.131971	79
1134.509929	399.835785	31
1230.435684	723.602993	43
1276.300290	503.183142	44
1465.758035	730.392334	40
2345.028924	981.456771	20
2491.954270	780.246083	39

File: 10_5_20120074
273.563602	753.607759	48
396.360997	1366.733007	75
1138.715296	404.783896	25
1235.928143	727.881593	48
1281.191690	507.300885	53
1471.289059	733.886108	44
2351.963696	981.336783	27
2498.468882	779.530535	42

File: 10_5_20120075
279.199167	760.396591	71
402.994572	1372.927464	72
1142.326189	408.820090	36
1240.884304	731.825962	45
1285.594117	510.644405	48
1476.288226	736.796241	36
2173.869401	1002.805843	20
2358.153094	981.368465	18
2504.200450	778.961207	36

File: 10_5_20120076
285.611650	767.460918	56
411.577296	1379.337042	68
1147.037443	412.944960	32
1246.238275	735.408020	50
1290.238144	515.115082	50
1481.866942	739.300208	46
2365.502352	981.253344	27
2510.455747	778.285884	55

File: 10_5_20120077
290.653795	774.514598	37
419.771180	1385.919469	73
491.123807	35.555234	21
1151.060128	417.791782	22
1251.484193	739.233805	43
1294.652941	518.395654	46
1487.320990	742.356260	44
2372.242628	980.884110	27
2516.615958	777.283850	51

File: 10_5_20120078
303.610195	788.973156	55
435.379835	1398.834683	87
1159.022703	426.322227	25
1262.805743	747.073924	47
1303.887673	526.153137	49
1497.464834	748.243150	48
2385.217453	980.742834	22
2528.606858	775.763553	32

File: 10_5_20120079
309.164002	796.420806	38
443.460486	1405.790816	64
1163.542489	430.611932	33
1267.888205	750.934622	56
1307.844680	529.680974	47
1503.001032	751.549475	44
2391.928260	980.625000	20
2430.819074	376.048535	16
2534.896502	774.912019	44

File: 10_5_20120080
315.879853	803.918498	57
450.712909	1411.644277	68
1167.907853	434.775882	26
1273.188152	754.753472	46
1312.781287	533.431233	46
1508.577583	754.595778	40
2398.860646	980.482722	23
2541.568340	774.157916	43

File: 10_5_20120081
322.188609	811.118786	62
459.502787	1418.948254	100
1172.575292	439.184887	33
1278.404987	758.621235	39
1317.389062	537.222337	51
1514.172402	757.569029	46
2405.877474	979.744606	24
2438.738328	375.865826	16
2547.868956	773.044264	50

File: 10_5_20120082
264.782852	2.891019	24
328.587163	818.409235	74
466.893782	1425.305316	62
1176.584185	443.320982	26
1284.267471	762.642259	59
1322.610345	540.910776	64
1519.452410	760.438591	36
2412.516638	980.148790	16
2554.015360	772.029367	46

File: 10_5_20120083
267.956618	10.864492	81
334.654615	825.958262	67
475.256143	1431.849969	80
1181.064452	448.323458	26
1289.983464	766.870197	41
1326.969623	544.697371	52
1525.201125	763.480474	43
2234.414757	1006.936916	22
2419.647714	979.745805	26
2560.331803	771.283035	33

File: 10_5_20120084
273.328331	19.133420	104
340.560657	832.564112	45
483.212860	1437.713526	77
1185.318278	451.493239	30
1294.900360	770.471346	60
1331.157952	548.281788	40
1530.073863	766.089182	37
2240.415291	1007.474317	16
2426.088855	979.489575	27
2566.593861	770.324205	23

File: 10_5_20120085
276.320059	27.132950	78
346.410592	839.599129	51
490.325025	1444.299823	58
1189.740401	456.217136	21
1300.100798	773.733379	42
1335.621875	551.532136	56
1535.678742	769.044306	43
2247.163058	1007.666595	23
2432.501868	978.885424	19
2457.842814	371.744412	19
2572.367245	768.881117	45

File: 10_5_20120086
281.019849	37.809963	51
353.972477	848.187974	50
500.335182	1451.717337	70
1194.975628	461.023812	25
1307.127253	778.199559	61
1341.337621	556.066416	55
1542.378957	772.348445	37
2440.960725	978.544061	18
2579.939547	767.846570	46

File: 10_5_20120087
282.632261	41.709598	24
359.420769	853.675310	66
506.701010	1456.791899	68
1197.894630	464.286670	23
1311.500172	781.069140	48
1345.304521	558.846080	56
1546.382109	774.730296	36
2446.466339	978.182406	22
2584.668043	766.791662	54

File: 10_5_20120088
287.949634	51.624976	94
365.590813	860.653699	55
514.163535	1463.035043	67
1202.922360	468.639523	29
1304.928561	702.564450	16
1316.717123	784.921360	47
1350.308629	562.140406	63
1552.419477	777.709210	44
2267.633289	1008.780408	19
2453.383522	978.078497	26
2589.920511	766.164082	21

File: 10_5_20120089
290.124007	58.637424	28
371.985451	867.995196	66
522.992281	1469.182045	62
1207.259349	472.888545	25
1322.476738	788.512529	41
1354.784736	565.777931	57
1557.571942	780.283543	44
2273.672680	1009.027990	22
2460.605398	977.701241	21

File: 10_5_20120090
295.698895	68.364629	77
378.152121	874.662667	62
531.069686	1476.098825	60
1211.552292	476.996479	32
1328.001536	792.204911	48
1359.541365	569.727121	47
1563.548562	782.994000	53
2467.516408	977.441554	23

File: 10_5_20120091
300.431865	76.695741	65
385.220148	882.406640	69
539.475194	1482.327254	82
1216.345811	481.261439	39
1333.468621	796.235638	43
1364.896155	573.136372	60
1569.282502	786.177653	48
2288.069422	1009.584424	17
2474.673817	977.078545	34
2484.543814	366.882148	16

File: 10_5_20120092
304.546648	85.990084	72
391.738048	889.423559	67
548.154532	1488.662668	64
1220.848574	485.377883	18
1339.575796	799.846924	50
1369.759236	577.230352	51
1575.020462	789.067924	42
2481.901476	976.328439	27

File: 10_5_20120093
305.691981	91.996224	66
397.028543	895.788728	51
555.014952	1494.375207	54
1224.531486	489.225156	30
1344.534008	803.000044	48
1373.857692	580.090475	48
1579.581106	791.519764	32
2301.051023	1009.864636	18
2487.911936	975.443836	29
2493.695867	364.904399	18

File: 10_5_20120094
312.035268	100.531715	101
404.061918	902.558389	51
563.738934	1500.538391	75
1229.421488	493.140093	30
1350.170491	806.512583	48
1378.704881	583.604139	62
1585.633327	794.486874	34
2308.183922	1010.253749	16
2495.077194	974.972386	23

File: 10_5_20120095
315.218856	107.653687	42
409.541619	909.240756	47
571.342343	1506.673277	50
1233.859538	496.895323	32
1355.766030	809.990956	40
1383.400386	586.719704	55
1590.568332	796.712231	37
2314.702697	1010.233317	19
2501.423296	974.516059	22

File: 10_5_20120096
320.557820	116.011783	43
417.158783	917.208478	73
580.467696	1513.638010	76
1238.971744	501.254896	33
1239.428513	266.930997	23
1361.798160	813.959075	45
1388.769032	590.996454	50
1596.967687	799.707778	36
2509.580393	973.930728	24

File: 10_5_20120097
324.099630	124.723665	84
422.617013	922.961711	53
588.132335	1518.808215	62
1242.811854	505.267902	28
1367.007294	817.277085	56
1393.236356	594.263065	48
1602.071484	801.797626	33
2328.666354	1010.479312	16
2516.017383	973.193170	26

File: 10_5_20120098
328.603661	132.393059	65
429.502250	930.109911	61
596.617583	1524.564676	82
1247.555682	509.373143	29
1372.903036	820.546098	47
1397.858897	597.182442	57
1608.235207	805.003983	36
2523.259904	972.795028	19

File: 10_5_20120099
332.241546	140.789944	50
435.840736	936.569098	67
604.381844	1530.917324	58
1251.996324	513.185790	29
1378.224199	823.856581	53
1402.588281	600.586348	53
1613.525378	807.504142	38
2529.887105	972.140787	23

File: 10_5_20120100
336.491338	147.761812	57
441.832555	942.708959	73
612.511115	1536.511811	77
1256.013087	517.078980	33
1383.827372	827.499919	53
1407.369948	603.838756	54
1619.066520	809.282606	41
2536.656187	971.062936	26

File: 10_5_20120101
4.571024	504.364914	35
340.814294	155.545219	90
448.597197	949.414658	69
620.928277	1542.286518	55
1260.513564	520.922999	28
1389.575065	830.540033	56
1412.020397	607.327486	41
1624.565006	812.330548	43
2543.706056	970.405021	24

File: 10_5_20120102
3.883529	512.734315	24
344.912163	164.282397	71
455.873979	956.522655	48
629.763610	1549.366154	58
1261.364778	291.201280	16
1266.371402	525.320069	26
1395.837040	834.455199	49
1417.677527	610.743658	61
1630.782192	815.097991	38
2551.683241	969.761889	26

File: 10_5_20120103
8.989176	520.793563	26
349.689005	170.920727	101
461.749188	962.835625	57
637.450568	1554.381225	79
1270.203641	529.061827	25
1401.105793	837.401425	57
1422.017691	614.095927	52
1635.677941	817.340196	34
2557.969191	968.771602	28

File: 10_5_20120104
21.128203	534.811093	64
355.684443	184.119716	89
472.409382	973.372864	69
650.957841	1563.798099	90
1277.743384	534.915366	24
1410.116834	843.275021	46
1430.391169	619.188744	61
1645.024584	821.340890	37
2380.762867	1010.077130	20
2545.820733	352.904789	19
2569.408889	967.607383	20

File: 10_5_20120105
20.298195	537.413051	18
357.253333	186.793478	78
474.279014	976.119802	62
653.912208	1565.956138	63
1279.368787	536.276520	26
1412.010983	844.071154	50
1431.781606	620.249059	52
1647.306827	822.247970	49
2571.506215	966.751167	25

File: 10_5_20120106
28.078632	547.069120	59
361.541761	194.743243	63
480.975406	982.954440	49
662.463797	1571.541977	77
1283.996527	540.293553	29
1418.249924	847.762473	47
1436.771685	623.744558	56
1653.453122	824.718080	49
2390.798397	1009.548709	20
2578.886123	966.034446	25

File: 10_5_20120107
40.795048	563.951989	49
369.811807	210.092890	98
494.376785	995.703784	57
678.816754	1583.475963	64
1293.336468	548.018925	28
1429.461250	853.677886	41
1446.484647	629.916134	50
1664.464549	829.698039	42
2404.469524	1009.679978	18
2561.364623	349.041325	21

File: 10_5_20120108
46.293223	571.965349	36
373.132451	217.353331	88
500.455253	1001.702779	70
615.477372	263.022309	23
686.861770	1589.271266	65
1297.771826	551.561210	30
1435.088334	857.049203	37
1451.366150	633.108318	56
1669.887411	831.840044	40
2411.115864	1008.932158	18

File: 10_5_20120109
57.613599	588.014264	27
382.796911	231.895719	67
513.838731	1014.919293	57
703.872451	1600.396069	63
1307.106750	559.117519	28
1446.935171	863.634852	44
1461.546520	639.783988	48
1681.430180	836.559025	39
2424.161284	1008.800796	20
2575.948875	344.780137	16

File: 10_5_20120110
65.202433	596.982185	49
386.254014	239.622833	66
519.668154	1021.031797	49
627.837762	283.228543	19
711.986855	1605.816907	64
1311.956805	562.661727	24
1452.715639	866.980293	37
1466.273976	642.581518	48
1687.046200	838.833320	44

File: 10_5_20120111
391.767046	249.128508	81
528.612731	1029.583982	67
633.425162	291.492390	17
723.081375	1612.753588	71
1303.401450	334.915928	17
1317.936003	566.977961	32
1459.780756	870.768451	42
1472.681585	646.557796	57
1694.240011	841.767804	46
2440.473120	1007.980082	18

File: 10_5_20120112
74.448487	613.162906	19
395.552136	254.657178	57
533.715107	1034.016332	53
729.072152	1616.969315	89
1321.477071	570.222892	39
1464.234094	873.190660	52
1476.207571	648.596132	54
1698.507853	843.764941	37
2117.474826	2.917750	25

File: 10_5_20120113
1.931365	706.561534	18
81.143501	621.253312	33
399.796996	262.354649	88
540.192535	1040.468721	63
640.642739	302.724027	24
737.414518	1623.072760	75
1326.086337	573.852658	32
1470.123833	876.311229	43
1481.210267	651.865059	40
1704.217414	845.613250	35

File: 10_5_20120114
9.383151	717.437015	24
91.051820	632.681689	40
405.352076	271.552417	96
549.015991	1048.744106	66
748.402099	1629.472982	91
1332.162578	578.763351	31
1457.152660	800.083414	17
1477.967221	880.316432	61
1487.655476	656.159761	46
1711.964364	848.877404	40
2461.554588	1006.856099	17

File: 10_5_20120115
13.919086	723.512046	27
95.212350	638.999921	39
408.688025	276.683561	76
554.040990	1053.049564	41
754.454491	1633.912886	72
1335.541395	581.356599	36
1481.841220	882.519103	58
1491.897457	658.361039	53
1716.067296	850.572028	40

File: 10_5_20120116
20.913352	731.834183	25
98.952473	645.442997	29
412.790057	283.404249	82
560.785709	1059.207558	53
762.715477	1639.057331	70
1340.258681	584.747631	30
1487.655846	885.396869	48
1496.382324	661.081061	46
1722.149180	852.406171	45

File: 10_5_20120117
27.195292	740.818095	25
108.033703	655.693490	64
417.484968	292.432362	95
567.813543	1066.230236	68
772.586637	1645.657950	79
1345.558806	588.904415	20
1494.329854	888.595407	61
1502.214142	664.364593	53
1727.998437	855.271776	35
2481.513707	1005.814539	18

File: 10_5_20120118
39.600721	757.214980	27
119.319520	671.186796	37
426.061008	305.993541	101
581.028361	1078.080157	51
665.558053	340.498973	20
788.702803	1656.109355	79
1333.999412	363.868108	16
1355.056054	595.527426	24
1505.450987	894.656056	42
1511.998574	670.098598	54
1739.185484	859.235789	30

File: 10_5_20120119
52.541174	773.194178	23
130.918482	686.872670	46
434.836747	320.186007	86
594.143593	1089.949035	50
805.788859	1666.812984	76
1364.348721	602.640719	26
1517.392147	900.735623	43
1521.829984	675.981786	38
1751.102688	863.471432	42
2509.261593	1003.455831	28

File: 10_5_20120120
59.175365	781.477513	21
136.996977	694.331546	55
438.925404	327.335270	69
601.020389	1096.151166	51
813.996324	1671.843131	65
1346.227856	374.675903	17
1369.319745	606.003091	41
1523.396581	902.906028	48
1527.157107	678.964417	50
1756.955021	865.568323	38
2515.575048	1002.773040	19

File: 10_5_20120121
65.981024	789.697099	21
143.491871	702.603984	24
444.209673	334.953647	99
608.410644	1102.650456	60
683.410349	366.386872	25
823.211305	1677.441778	88
1374.465194	609.590047	30
1529.495701	906.214271	36
1532.661630	681.828468	55
1762.954130	867.471963	41
2523.280120	1002.064138	19

File: 10_5_20120122
71.711105	797.975515	19
149.763108	710.737078	56
447.838279	341.814070	54
615.120132	1108.320535	71
687.604392	371.544485	25
831.959803	1682.170344	68
1379.259038	613.262063	27
1512.273317	829.491690	18
1535.334727	909.192169	43
1537.853509	684.848803	41
1768.479195	869.488874	34
2150.274573	9.212568	19
2530.105886	1001.363399	28

File: 10_5_20120123
79.878479	806.680967	19
156.245206	720.076788	33
453.941332	349.906784	81
622.851650	1115.772362	55
841.528581	1688.641715	74
1358.904863	386.003049	17
1384.593123	617.140600	23
1542.443246	912.692820	51
1543.575764	687.761069	48
1775.691317	871.843387	41
2538.671672	1000.098380	26

File: 10_5_20120124
85.916753	814.112142	25
162.441532	726.496587	64
457.691675	355.891968	79
629.125925	1120.669671	52
696.561194	384.239630	24
848.913645	1693.526350	67
1389.181376	619.935324	28
1548.189910	690.538738	53
1547.734106	914.703406	57
1780.604139	873.746236	39
2155.897816	9.629463	24
2544.845431	1000.227385	18

File: 10_5_20120125
93.485564	823.513749	18
169.302255	735.855524	25
463.200816	364.562922	85
637.476212	1128.171908	69
859.952327	1699.550688	80
1367.190879	393.299291	21
1394.999748	624.332184	22
1554.629574	693.634026	62
1554.988656	917.977566	48
1787.464322	876.136275	30
2553.328311	999.023384	17

File: 10_5_20120126
98.941106	830.314171	20
174.601056	742.253637	63
466.627849	370.488678	73
642.897077	1132.841612	55
704.786682	395.886308	16
866.281868	1703.452299	92
1370.933621	396.731151	17
1398.901701	627.007230	23
1558.682068	696.269867	43
1559.849524	920.830041	55
1792.182080	877.529646	23
2161.614120	10.068782	17

File: 10_5_20120127
112.068468	845.686570	32
186.695982	757.003437	64
475.735299	383.390783	79
656.080425	1144.390777	53
713.012594	407.569494	17
883.121255	1713.677435	89
1378.568601	403.387803	16
1408.661788	633.064619	26
1568.525868	701.214849	47
1571.279896	926.102863	41
1804.014739	881.567328	35
2166.551373	11.913107	19
2572.358335	997.031329	17

File: 10_5_20120128
118.512287	853.457028	33
192.723989	764.538463	49
480.787063	391.119339	94
663.014626	1149.979381	66
892.365742	1718.876048	78
1413.714902	636.714409	21
1573.906573	704.157202	48
1577.333369	928.750604	47
1810.229559	883.216209	36
2169.044528	12.603251	17

File: 10_5_20120129
124.406595	861.210995	24
199.228725	773.095492	62
485.065663	397.324685	92
669.932981	1155.777840	72
723.432526	421.091051	16
900.509493	1724.282811	75
1418.518706	640.026116	28
1579.379494	706.646658	59
1583.642556	931.583067	53
1816.153077	885.090213	32
2586.996065	995.380402	20

File: 10_5_20120130
131.685974	869.260389	31
205.150387	780.496252	44
489.710924	404.548566	61
677.370461	1161.476360	48
909.897138	1729.221184	87
1423.041595	642.765595	23
1584.056608	709.530447	35
1589.537080	934.027375	49
1822.052866	886.706537	42
2175.016439	12.887763	23

File: 10_5_20120131
138.005043	876.771205	19
211.304520	788.358191	38
494.537485	411.252929	79
683.948504	1167.076535	52
731.207107	431.149036	20
918.325510	1734.114226	76
1428.710961	646.604282	25
1589.552568	712.100726	59
1595.595753	936.668052	53
1827.844726	888.649050	37
2178.080468	12.603730	17

File: 10_5_20120132
3.678635	1927.180344	37
144.607462	884.672677	27
217.475990	795.096748	32
498.830550	418.113492	69
690.805513	1173.089803	60
736.271871	438.572697	24
927.009892	1739.318341	59
1433.512019	649.668670	23
1594.605001	714.484249	56
1601.649604	939.397652	46
1833.404020	890.717811	26

File: 10_5_20120133
16.273015	1936.140887	56
152.988587	894.000198	25
225.016210	804.642461	43
504.248013	426.926994	76
699.833817	1180.231146	47
741.350057	445.090678	16
937.640189	1745.012523	87
1439.387774	653.507415	27
1601.388152	717.819047	59
1609.154396	942.451361	55
1841.085836	892.989055	40
2184.262165	14.240309	16

File: 10_5_20120134
24.000943	1942.062119	24
158.297148	899.678743	21
230.718082	810.712745	48
508.477326	432.038885	87
705.087891	1184.270956	53
744.627489	449.648037	19
944.518259	1748.984350	76
1443.635886	656.058256	34
1605.032948	719.905818	40
1613.617340	944.592620	52
1845.406918	894.198667	40

File: 10_5_20120135
164.745612	907.873290	18
236.307205	818.128526	52
512.762602	438.794795	67
712.229626	1190.517462	65
953.464675	1754.184588	62
1448.741410	659.628224	25
1610.989175	722.656102	58
1620.051957	947.138443	51
1851.754208	895.705774	43

File: 10_5_20120136
171.597281	915.330372	19
242.831449	825.719609	67
517.507735	445.620201	82
718.953703	1195.876305	52
754.601608	461.379272	21
962.513115	1758.846577	76
1453.150316	662.507000	30
1615.750269	725.293358	43
1626.175000	949.649895	56
1857.751900	897.542472	39

File: 10_5_20120137
178.281488	923.290987	25
249.115312	832.895154	70
522.368948	451.741102	86
726.324298	1201.724080	59
757.903509	466.954283	22
970.994106	1764.324102	60
1420.333393	437.117961	18
1458.588651	665.820221	28
1621.265285	727.497135	59
1632.063526	952.171816	41
1863.981809	898.721675	52

File: 10_5_20120138
186.022726	930.604423	33
256.149538	840.823039	57
527.257114	459.084819	69
733.669378	1207.475439	58
980.573709	1768.820554	74
1463.975720	668.873627	32
1626.758235	730.143089	49
1638.430561	954.706580	41
1870.032294	900.430364	48

File: 10_5_20120139
192.232825	937.990220	30
262.019369	847.728959	63
532.366482	465.756076	66
740.707290	1212.877645	58
768.083468	478.353449	20
989.256061	1773.434775	76
1429.052140	443.464102	17
1468.819423	671.703440	27
1631.884937	732.617576	53
1644.618500	957.173196	50
1875.939034	902.460358	33
2200.298829	14.615714	16

File: 10_5_20120140
205.753202	953.852717	17
275.132307	862.926497	64
541.891346	479.502342	79
755.738681	1224.564764	63
1007.944731	1783.284487	77
1479.174649	678.391965	27
1642.902973	737.709020	46
1657.526815	962.574185	57
1888.351325	905.981202	36
2206.078182	15.488944	16

File: 10_5_20120141
212.158148	960.351853	28
280.792075	869.439851	53
546.489973	485.378742	62
761.379040	1229.466507	49
781.634933	495.928350	18
1014.959625	1787.925543	63
1483.950181	681.056068	21
1647.711567	739.928484	48
1663.223914	964.874081	39
1894.301458	907.174706	52

File: 10_5_20120142
218.189307	968.037755	18
287.353709	875.737663	51
550.435120	492.020755	95
768.260949	1235.055703	49
786.194407	501.310191	16
1024.094387	1792.251582	63
1488.702080	683.813359	23
1652.923310	742.337978	42
1668.910507	966.916704	42
1899.615495	908.464638	41

File: 10_5_20120143
225.464928	975.158073	25
293.693422	883.698059	55
555.827514	498.043636	64
776.154304	1240.230321	55
791.715655	507.374236	25
1033.466282	1796.676782	68
1494.205056	687.104465	27
1658.505755	744.810194	35
1675.433177	969.324764	46
1906.152251	910.121754	52
2214.336991	16.360391	19
2397.306967	604.112115	19

File: 10_5_20120144
233.670099	983.789667	20
301.302025	892.526506	67
561.549008	506.609000	77
784.749268	1246.800836	59
797.514895	514.327357	25
1043.791540	1802.244364	82
1500.006633	690.517752	25
1664.877276	747.985718	41
1683.030384	972.209865	52
1913.288764	911.922074	46

File: 10_5_20120145
239.377300	990.193128	22
305.933495	898.359536	57
565.475801	511.533367	72
790.280535	1251.050473	61
800.461633	518.629967	16
1050.622926	1806.254442	73
1504.411026	692.787260	23
1669.290759	749.516699	54
1687.590342	973.722987	33
1918.105472	913.014352	46

File: 10_5_20120146
245.767241	997.162942	34
312.275468	904.756969	51
570.117811	517.790991	85
797.605265	1256.324641	71
1059.623101	1810.748263	58
1509.549468	695.731780	27
1674.659975	751.337337	65
1693.697490	976.050845	36
1923.802930	914.414332	45

File: 10_5_20120147
252.921736	1004.774232	26
319.146726	912.257763	68
575.745277	524.206237	62
805.228801	1262.051209	67
810.241752	529.527752	27
1068.854518	1815.761122	57
1514.880233	698.652449	26
1668.970323	901.511745	18
1680.209859	754.126878	57
1700.141912	978.607773	48
1930.383901	915.538270	49

File: 10_5_20120148
259.346771	1011.726852	23
325.572874	919.407173	54
580.455880	530.948758	87
811.992758	1267.196400	54
815.371995	535.497969	21
1077.967884	1819.877205	90
1519.871125	701.594189	28
1685.224025	756.052301	45
1706.306593	980.806242	55
1936.452478	917.623174	46

File: 10_5_20120149
266.593557	1018.961414	27
332.393007	926.501984	40
585.510258	537.613362	59
819.535601	1272.238984	61
819.979254	540.952730	25
1086.988526	1824.842845	63
1525.054691	704.191070	29
1690.741303	759.158382	39
1713.140525	983.158327	54
1942.799648	918.914520	45

File: 10_5_20120150
273.469439	1026.670431	26
339.131542	933.974040	52
590.395932	543.511827	79
826.417798	1277.771698	57
825.227311	545.818625	20
1095.927904	1828.873742	86
1530.589761	707.677428	33
1696.250977	761.104487	43
1718.993748	985.496838	49
1948.606159	920.218471	44

File: 10_5_20120151
279.989711	1033.501333	27
345.906669	941.004468	58
594.907606	550.123549	83
829.855639	551.806478	18
833.953015	1283.007416	65
1104.926273	1833.868768	77
1535.371273	710.418585	26
1701.519762	763.476581	42
1725.011735	987.620654	45
1954.735855	921.954168	40

File: 10_5_20120152
287.666138	1041.205371	23
351.836189	947.804152	63
424.416663	493.746635	20
600.575979	556.560405	65
834.419673	557.362164	28
841.646086	1288.747177	71
1114.713658	1838.669713	66
1489.284965	487.907050	18
1540.948821	713.475921	22
1699.503615	912.985304	16
1707.603375	765.559151	49
1731.988157	989.821073	43
1961.253548	923.129375	44
2240.250380	17.213123	17

File: 10_5_20120153
294.526939	1048.539577	28
359.073223	955.253064	42
606.018621	563.361974	55
839.719300	563.019424	24
848.841852	1293.987616	55
1124.093911	1843.407991	51
1546.422055	715.909406	24
1713.135322	767.910290	47
1738.767411	992.010943	52
1967.917704	924.017651	52

File: 10_5_20120154
301.451436	1055.234619	32
364.950169	961.369256	60
610.644219	569.281558	72
844.205071	568.126820	16
856.125619	1299.070304	73
1132.893935	1847.297266	74
1551.106817	718.853226	25
1718.426375	770.148760	52
1744.604353	994.056901	48
1973.649496	925.847905	48

File: 10_5_20120155
308.158416	1062.019511	27
371.341353	968.736059	41
615.840343	575.085199	69
849.457102	574.244150	25
863.238246	1304.016951	66
1141.800792	1851.727997	65
1556.554471	721.723714	24
1723.737630	772.088442	45
1750.786512	996.406021	49
1979.848678	926.906435	50

File: 10_5_20120156
315.368085	1069.926632	27
378.562100	975.641928	43
621.052972	581.795323	99
854.601181	579.265220	22
871.306564	1309.524893	59
1151.287210	1856.646866	57
1507.329764	500.133708	16
1562.432818	724.621056	21
1723.556389	922.071271	19
1729.918891	774.409644	53
1757.488972	998.632799	40
1986.092342	928.215869	36

File: 10_5_20120157
322.522863	1076.010233	36
384.658846	981.655693	49
625.866591	587.634357	80
858.625939	584.986354	23
878.017538	1314.670497	67
1160.082238	1860.284166	80
1566.881605	727.116919	28
1729.244291	924.049300	17
1734.689117	776.671343	42
1763.650609	1000.513020	49
1992.149118	929.474057	54

File: 10_5_20120158
329.160522	1083.567154	33
391.272326	989.519434	47
630.815095	594.066249	90
630.046340	1587.468848	17
863.864463	590.066549	26
885.519075	1319.704791	60
1169.544863	1864.998028	65
1515.580035	505.652164	17
1572.670163	729.740202	26
1740.361340	778.702746	33
1770.028505	1002.820092	51
1997.978362	930.645707	42

File: 10_5_20120159
337.353290	1090.846069	19
398.556307	996.478682	48
636.637436	600.463814	93
869.708790	596.136963	16
893.985221	1325.070748	68
1179.523677	1869.734467	77
1578.349492	732.933164	22
1742.255342	928.549324	20
1746.514313	780.858068	56
1777.333927	1004.506397	54
2005.617431	931.769665	41
2259.984847	17.057490	18

File: 10_5_20120160
343.445941	1097.715200	24
404.681706	1002.868978	57
464.084649	548.887181	16
641.682874	606.435486	91
874.212189	601.124248	18
900.535320	1329.700767	56
1187.756025	1873.350918	62
1525.411239	511.393569	20
1583.703725	735.153488	25
1751.818794	782.779520	61
1782.609593	1006.791000	49
2010.734957	932.784151	32

File: 10_5_20120161
350.429613	1103.930321	18
410.957314	1009.189519	52
645.986134	612.217127	67
878.813709	605.940402	22
907.744753	1334.599153	50
1196.360397	1877.377948	61
1588.067337	737.803912	24
1756.214704	784.896506	34
1788.614050	1008.721195	33
2016.734593	934.032719	44

File: 10_5_20120162
357.119321	1110.947087	31
417.970426	1016.397859	54
651.303832	618.988222	76
884.218621	611.405862	18
915.375455	1339.455589	68
1035.636163	598.938361	18
1205.809969	1881.591169	76
1593.780150	740.322503	31
1759.480911	934.366829	20
1762.022190	786.855020	35
1795.320213	1010.445545	47
2023.267291	935.150064	51

File: 10_5_20120163
364.802685	1118.312635	24
424.938952	1023.083295	56
656.749272	624.788815	83
888.880643	616.208538	24
922.544433	1344.497542	56
1215.118461	1885.613316	80
1538.257716	519.711039	16
1599.028625	742.944455	27
1768.034197	788.540580	55
1801.479230	1011.992562	44
2029.159899	936.194559	37

File: 10_5_20120164
373.106706	1125.859039	25
432.497345	1030.820249	61
663.008817	631.960752	79
931.214415	1350.475290	52
1226.062550	1890.609932	88
1605.436906	746.162579	24
1772.796268	938.902167	19
1774.291885	791.258172	38
1809.525175	1014.637187	49
2036.787125	937.597303	40

File: 10_5_20120165
378.448895	1131.603331	31
437.850667	1036.091560	62
489.160333	582.038257	16
666.914568	636.679411	63
899.629486	627.026456	25
937.341953	1354.123033	65
1233.596652	1894.132246	82
1609.945104	748.021265	22
1779.120505	792.704957	51
1814.392832	1016.123420	40
2041.421939	938.249799	37

File: 10_5_20120166
386.393364	1139.230806	21
445.010005	1043.113176	49
673.022868	643.749503	80
905.498758	633.054127	20
946.292822	1360.108324	56
1243.952938	1899.280088	67
1552.484571	529.349620	18
1615.834835	751.517423	21
1785.451945	794.792652	50
1821.851582	1018.635185	54
2048.629934	939.969034	41

File: 10_5_20120167
392.768250	1145.068923	30
451.250389	1049.280936	56
500.752028	596.234616	17
677.416832	648.847329	71
909.145539	637.298708	31
952.585074	1364.540633	83
1252.026892	1902.136780	100
1620.647960	753.567015	23
1790.054671	796.865756	46
1827.248628	1019.996796	43
2054.235530	940.840174	36

File: 10_5_20120168
400.640402	1152.825074	24
458.881953	1056.947950	70
507.316535	603.949646	18
683.456801	656.269005	59
914.962327	643.333160	18
961.353519	1370.033936	63
1262.901280	1907.336693	94
1626.731982	756.426310	25
1796.635471	799.196919	42
1834.953986	1022.500271	48
2061.683147	941.682660	29

File: 10_5_20120169
406.381615	1158.440960	20
465.039999	1062.098212	52
688.065517	660.676079	78
918.971517	647.401387	18
967.327528	1374.059363	43
1270.228535	1910.632760	79
1631.414654	758.611637	19
1801.159120	800.416331	40
1839.953391	1023.752124	51
2066.542965	942.666140	41
2288.255676	16.265841	19
