File: 10_5_20120000.raw
857.741	4.94824		858	4	858	5.03797
969.045	152.955		969.5	152.5	969.5	152.32
862	357.5		861.5	357.5	861.5	357.22
2066	371		2066	370	2066	371.312
1091.63	432.478		1092	432	1092	432.386
1647.5	441.5		1647.5	441.5	1647.5	442.199
2035.12	767.559		2035	767	2035	767.7
1673.97	884.677		1674	884	1674	884.259
1848.5	913		1848.5	911.5	1848.5	913.603
9	1497		8.5	1497.5	8.5	1497.35
2196.44	1655.77		2196	1656	2196	1656.37
2374	1939.5		2374	1938	2374	1938.86

File: 10_5_20120001.raw
860.5	12		860.5	12.5	860.5	11.5097
972.5	157.5		973.5	157.5	973.5	156.165
867.045	363.045		866.5	363.5	866.5	363.158
2071	371.5		2071	371	2071	372.273
1096.6	437.4		1097	436	1097	436.545
2042	768.8		2042	768	2042	768.503
1681	886		1681	886	1681	886.752
1854.12	914.5		1854	913	1854	914.908
19	1505		19	1504	19	1505.72
2206.35	1657.53		2206.5	1656.5	2206.5	1656.86
2386	1942.5		2386	1938	2386	1940.56

File: 10_5_20120002.raw
865.5	19		865	20	865	18.7626
978.5	165.5		978	166	978	165.598
2076	372		2076	371	2076	372.387
872.5	370.5		872.5	370.5	872.5	370.731
1102.5	443.5		1102.5	443.5	1102.5	442.924
2050.17	770.167		2050	769	2050	770.091
1863	918		1862.5	918.5	1862.5	917.738
31.0909	1517.05		31	1517	31	1517.84
2218.5	1657.9		2218.5	1658.5	2218.5	1657.75
2399.5	1940.5		2399.5	1938.5	2399.5	1940.26

File: 10_5_20120003.raw
980.5	167.7		980	169	980	167.96
2078.32	372.955		2078	373	2078	373.404
874.136	373.045		874.5	373.5	874.5	372.294
1104.83	445.167		1104.5	445.5	1104.5	445.324
1658.5	447.5		1658.5	448.5	1658.5	447.778
2052.5	770		2052.5	769.5	2052.5	770.732
1864.94	919.056		1865	917	1865	918.89
2222.81	1659.54		2223	1660	2223	1658.83
2404	1941		2404	1939	2404	1940.92

File: 10_5_20120004.raw
982.5	170.5		983	170	983	170.852
877	376		876.5	376.5	876.5	375.586
1107.06	448.056		1106	449	1106	448.537
2055	770		2055	769	2055	771.087
1869.2	919.278		1869	918	1869	918.992
42	1524		42	1521	42	1523.16
2227.73	1659.24		2228	1660	2228	1658.44

File: 10_5_20120005.raw
869	28		869	29	869	27.536
983.23	173.514		983.5	172.5	983.5	173.385
878	379.5		878.5	380.5	878.5	378.95
1109	451		1109	448	1109	450.464
2058.5	771.5		2058.5	770.5	2058.5	771.591
1872.89	920.63		1872.5	919.5	1872.5	920.848
49.5	1527.5		49	1528	49	1527.59
44.5	1527.5		44	1530	44	1527.3
2233.49	1659.87		2234	1660	2234	1658.52
2414.5	1940.5		2414.5	1939.5	2414.5	1941.59

File: 10_5_20120006.raw
870.75	31.75		871.5	32.5	871.5	31.4151
987.136	177.455		987.5	176.5	987.5	176.917
2086.23	373.773		2086	374	2086	375.086
881	382		882	383	882	382.691
1111.96	452.338		1112	453	1112	453.171
2062.67	772		2062.5	771.5	2062.5	772.485
2253	827.5		2253	825	2253	827.524
1876.5	921.5		1876.5	920.5	1876.5	922.106
51.7414	1533.09		51.5	1531.5	51.5	1533.29
2239.5	1660.5		2239.5	1659.5	2239.5	1659.8

File: 10_5_20120007.raw
873.778	35.9166		874.5	37.5	874.5	35.7595
988.5	179.6		988	181	988	179.459
885	387		885.5	386.5	885.5	386.53
1116	456.333		1116	455	1116	456.444
2065.61	772.389		2065.5	772.5	2065.5	773.251
1882	923		1882	922	1882	922.895
58.5	1538		58.5	1537.5	58.5	1538.98
2245	1662		2245	1662	2245	1660.9
2023.28	1701.28		2023.5	1701.5	2023.5	1700.8

File: 10_5_20120008.raw
875.5	38		874.5	39.5	874.5	37.74
990.056	182.685		990	182	990	183.499
2090.5	374.5		2090.5	374.5	2090.5	375.1
888.375	388.25		887	389	887	388.77
1117.73	459.455		1118	459	1118	459.339
2069	773		2069	773	2069	773.236
1884	924.5		1884	921	1884	923.888
62.5	1543.5		62.5	1542.5	62.5	1544
2251	1661.35		2251	1661	2251	1660.88

File: 10_5_20120009.raw
878	44		878	46	878	43.3407
993	187.5		993.5	187.5	993.5	187.876
2094.5	375		2094.5	374.5	2094.5	376.184
891	394		891	394	891	393.553
1121	463		1121.5	463.5	1121.5	463.085
2075.43	774.286		2075.5	772.5	2075.5	774.459
1890.66	924.565		1890.5	924.5	1890.5	924.426
70	1549.5		70	1548	70	1549.43
2258.95	1662.6		2259	1662	2259	1662.09

File: 10_5_20120010.raw
880	47.75		880	49	880	47.4754
995.071	190.643		995.5	191.5	995.5	190.115
893.455	397.773		893	398	893	397.433
1124.33	465.667		1124	465	1124	465.699
2078.44	775		2078.5	773.5	2078.5	774.768
2270	828		2270	825	2270	828.345
1718	900.333		1718	900	1718	900.643
75.5	1552.5		76	1553	76	1553.53
2264.5	1662.9		2265	1662	2265	1661.72
2042.93	1703.64		2043	1704	2043	1703.77

File: 10_5_20120011.raw
883.5	52.5		883	54	883	52.5418
997.889	195.167		998	194	998	194.631
2100.5	376.5		2100.5	376.5	2100.5	377.317
897.879	403.293		898	402	898	402.415
1683.23	459.773		1683	460	1683	461.078
1129.51	469.878		1130	469	1130	469.664
2083	775		2083	774	2083	775.105
1899.17	927.5		1899	927	1899	928.372
2273.61	1662.85		2273.5	1662.5	2273.5	1663.53

File: 10_5_20120012.raw
884.5	56		885	57	885	55.6584
1001.21	198.786		1001.5	199.5	1001.5	198.797
2104	377.5		2104	376	2104	377.674
900.5	406		900.5	406.5	900.5	405.745
1131.21	472.929		1131	472	1131	472.458
2086.89	775.571		2087	774	2087	775.719
1903	929.5		1903.5	929.5	1903.5	928.867
2280	1664.5		2280	1664	2280	1663.3

File: 10_5_20120013.raw
886.5	59		886.5	60.5	886.5	58.6769
1002.21	200.786		1002	201	1002	201.121
902.25	407.75		901.5	408.5	901.5	407.427
1133.93	475		1134.5	474.5	1134.5	474.779
2089	776.5		2089	776	2089	776.155
2282	829		2282	827	2282	828.794
1730.5	904.5		1730.5	903.5	1730.5	904.816
1906.5	929.5		1906.5	926.5	1906.5	929.019
95.5	1568		95.5	1566.5	95.5	1567.77
2282.78	1664.33		2283	1664	2283	1664.15

File: 10_5_20120014.raw
888.5	64		887.5	65.5	887.5	63.6334
1004.81	204.323		1005.5	204.5	1005.5	204.251
904.5	412.5		904.5	412.5	904.5	412.406
1690.5	464.5		1690.5	464.5	1690.5	464.817
1137	478		1137.5	478.5	1137.5	477.94
2094.44	777		2094.5	775.5	2094.5	776.801
1735	906.5		1735	906	1735	906.745
1910.5	930		1910.5	928.5	1910.5	929.933
2291	1664.5		2291	1665	2291	1663.99

File: 10_5_20120015.raw
889.5	66		890	68	890	65.2613
1007.5	209		1007.5	207.5	1007.5	208.594
2113	378.5		2113	378	2113	379
908.14	415.26		908	415	908	415.457
1139.92	480.917		1140	480	1140	480.336
2097	776.875		2097	775	2097	777.224
2291	828		2291	827	2291	828.574
1739	908.5		1739	906	1739	907.752
1915.07	930.643		1915	931	1915	931.45
114.5	1577.64		114.5	1578.5	114.5	1577.84
107	1580		107	1579	107	1580.73
2296.97	1665.68		2296.5	1666.5	2296.5	1664.76

File: 10_5_20120016.raw
896.5	76		896.5	77.5	896.5	74.9465
1013.05	216.318		1013	216	1013	216.541
2118	378.5		2118.5	378.5	2118.5	379.062
915	424.75		915.5	424.5	915.5	424.566
1146.65	487.706		1146.5	488.5	1146.5	487.789
2106.5	779		2106.5	777.5	2106.5	779.155
1749	911.5		1749	911	1749	911.619
1925.25	934		1925	933	1925	933.515
122.5	1589.5		122.5	1589.5	122.5	1589.57
2311.78	1666.33		2312	1666	2312	1665.84

File: 10_5_20120017.raw
1016	219.5		1016	219	1016	219.752
2122.5	380		2122.5	377.5	2122.5	379.422
918.929	428.071		919	429	919	428.86
1150	491.5		1150	492	1150	491.651
2111.62	779.375		2111.5	777.5	2111.5	778.768
1929.15	934.587		1929	933	1929	934.813
131.5	1597.1		132	1594	132	1596.58
2320	1668.5		2320	1667	2320	1666.42

File: 10_5_20120018.raw
900.5	84.5		900.5	85.5	900.5	83.9256
1018.13	223.43		1018	224	1018	223.326
2123.5	379.5		2123.5	379.5	2123.5	380.644
922.5	431.9		922.5	431.5	922.5	431.753
1706.5	472.5		1707	473	1707	473.473
1152.8	494.8		1152.5	494.5	1152.5	494.22
2114.5	779		2114.5	778.5	2114.5	779.478
2309	829		2309	827	2309	828.99
1758	915		1758	913	1758	914.691
1933.5	936		1933.5	933.5	1933.5	935.743
2325.03	1667.31		2325	1668	2325	1666.99

File: 10_5_20120019.raw
901.786	86.7858		902.5	87.5	902.5	86.5633
1020	227		1020	224	1020	225.985
924.118	434.235		923	435	923	434.851
1157	497		1157	496	1157	496.877
2118	779.875		2118	778	2118	780.017
1761	916		1761	915	1761	915.745
1937.21	936.786		1937	937	1937	937.211
2330.5	1668.5		2330.5	1665.5	2330.5	1666.79

File: 10_5_20120020.raw
905.086	92.2587		906	94	906	91.4631
1023.77	230.308		1024	231	1024	230.246
2129.5	381		2129.5	380.5	2129.5	381.762
928.385	438.538		929	439	929	439.181
1158.95	500.864		1159	500	1159	500.087
2124	779.5		2124	777	2124	779.904
2317.5	828.5		2317.5	826.5	2317.5	828.638
1766.5	918		1766.5	915.5	1766.5	917.354
1943.5	937.5		1943	937	1943	937.393
2338.6	1668.79		2339	1668	2339	1666.71

File: 10_5_20120021.raw
907	97.5		907	98	907	96.9058
1027.56	235.111		1028	235	1028	235.749
2135	382.5		2135	381	2135	382.565
933.5	445.5		933.5	445.5	933.5	445.211
1164	505.25		1164	505	1164	504.743
2129.5	781.5		2129.5	780.5	2129.5	782.186
1950	939		1950	939	1950	939.012
2349.11	1668.63		2349	1669	2349	1669.12

File: 10_5_20120022.raw
910	101		910	102	910	100.633
1030	239		1030	238	1030	239.596
2137.5	381.5		2137.5	381.5	2137.5	382.326
935.794	447.735		935.5	447.5	935.5	447.381
1167	507		1167	508	1167	507.161
2133.5	782		2133.5	778.5	2133.5	781.617
2327	828.5		2327	825	2327	828.835
1953.5	939.5		1953.5	939.5	1953.5	939.409
160.833	1625.5		160.5	1624.5	160.5	1625.95
2355	1670.5		2355	1668	2355	1669.84

File: 10_5_20120023.raw
913	105.5		912.5	107.5	912.5	105.4
1032	242.5		1032	242	1032	241.466
2140.9	382.9		2141	381	2141	382.49
939.192	452.192		939	452	939	451.598
1171.5	511		1171.5	509.5	1171.5	510.723
2137.5	782		2137.5	780.5	2137.5	781.816
1781	922.5		1781	922	1781	922.778
1957.93	941.357		1958	941	1958	941.629
2362.29	1669.93		2362	1670	2362	1670.31

File: 10_5_20120024.raw
914.5	110		914.5	111.5	914.5	109.822
1034.83	245.926		1035	245	1035	246.134
951.5	372.5		952.5	373.5	952.5	372.672
2143.81	382.346		2144	382	2144	382.632
943.143	455.429		942.5	456.5	942.5	455.579
1173.54	514.077		1173	514	1173	514.402
2142	781.5		2142	780	2142	781.653
2337.5	829.5		2337.5	826.5	2337.5	828.856
1785.5	924		1785.5	921.5	1785.5	924.057
1963	942		1963	942	1963	942.493
174.5	1639		174.5	1638.5	174.5	1639.03
2369.5	1669.5		2369.5	1669.5	2369.5	1670.1

File: 10_5_20120025.raw
919.132	116.763		919	118	919	116.971
1039.3	252.5		1039	252	1039	252.004
947.8	462		948	463	948	461.523
1179.54	518.245		1179.5	518.5	1179.5	518.471
2149	783.5		2149	782	2149	783.601
2344.5	828.5		2344.5	825.5	2344.5	828.122
1794.92	926		1795	925	1795	926.349
1970.61	943.389		1970.5	943.5	1970.5	944.066
2381	1671		2381	1670	2381	1670.23

File: 10_5_20120026.raw
920	119		920	121	920	118.541
1042.12	254.875		1042	255	1042	254.729
950	465		950	464	950	465.287
1182.88	520.654		1183	521	1183	520.551
2152	784		2152	781	2152	783.599
1796.5	927		1796.5	925.5	1796.5	926.846
1974.21	944.643		1974	944	1974	944.825
2385.28	1671.4		2385.5	1671.5	2385.5	1670.42

File: 10_5_20120027.raw
924	125		923.5	125.5	923.5	125.654
1046.56	259.889		1047	259	1047	259.895
2156	384		2156	382	2156	384.153
955.727	469.636		956	470	956	468.821
1187	526.667		1187	527	1187	526.04
2158.64	783.929		2158.5	783.5	2158.5	784.43
1803.92	929		1804	928	1804	928.938
1980.79	945.5		1980.5	945.5	1980.5	945.861
2396.33	1671.33		2396.5	1671.5	2396.5	1671.79

File: 10_5_20120028.raw
929.244	129.859		929.5	130.5	929.5	129.814
1048.55	265		1048.5	263.5	1048.5	264.507
2159.5	384		2159.5	383.5	2159.5	384.625
958.917	475.688		959.5	475.5	959.5	475.731
1745.5	491		1745.5	490.5	1745.5	491.033
1191.5	529.667		1191.5	528.5	1191.5	529.181
2164	784.8		2164	784	2164	785.148
2361	828		2361	827	2361	828.058
1809.54	930.804		1809.5	930.5	1809.5	931.043
1987.5	947.5		1987.5	946.5	1987.5	947.155
2404.88	1672.12		2405	1672	2405	1670.32

File: 10_5_20120029.raw
930.5	136		931.5	137.5	931.5	135.195
1053	269		1053	269	1053	268.911
2163.5	384.5		2163.5	383.5	2163.5	385.377
965	479.643		965	480	965	480.256
1195.96	534.577		1195.5	534.5	1195.5	534.541
2169.66	785.267		2169.5	784.5	2169.5	785.416
1816	934		1816	930	1816	934
1993	948		1993	948	1993	948.76
219	1670.5		219	1670	219	1670.78
2414.76	1672.72		2415	1672	2415	1672.07

File: 10_5_20120030.raw
936	143		936	144	936	142.553
1058	275.75		1058	276	1058	276.205
2170	385		2170	384	2170	385.427
970	486.5		970.5	487.5	970.5	486.086
1203.53	540.269		1203.5	539.5	1203.5	540.09
2177.81	786		2178	786	2178	786.376
1824	936		1824	935	1824	936.352
2002	949.5		2002	949	2002	950.474
2429.22	1672.91		2429.5	1672.5	2429.5	1672.53
233	1681.5		233	1681	233	1681.43

File: 10_5_20120031.raw
942.5	154.5		943	156	943	153.518
1064.14	286.136		1064	285	1064	285.62
2179	386.5		2179	385	2179	386.89
980.395	497.132		980	498	980	497.506
1765	500.5		1765	501	1765	501.016
1212	549		1212	548	1212	548.803
2189.5	787		2189.5	784.5	2189.5	787.311
1836	939.5		1836	938	1836	939.158
2015.64	952.603		2015	953	2015	952.507
7.5	987.833		7.5	984.5	7.5	987.691
2448	1674.45		2447.5	1673.5	2447.5	1673.15
250	1696		250	1694	250	1695.62

File: 10_5_20120032.raw
946	160		946	161	946	160.294
1071	290.6		1071	290	1071	290.899
2183	386.5		2183	385	2183	386.171
984.333	503.333		984	503	984	502.684
1217	553.5		1217	552	1217	552.606
2195	787.5		2195	787	2195	788.042
2022	954		2022	953	2022	954.258
15.3611	996.194		15.5	994.5	15.5	996.07
2458.28	1674.46		2458.5	1673.5	2458.5	1672.98
261.5	1702.5		261.5	1700.5	261.5	1702.03

File: 10_5_20120033.raw
949	166		949	167	949	165.432
1073.38	295.735		1073.5	295.5	1073.5	295.924
2187.5	387.5		2187.5	386.5	2187.5	387.525
989	506.5		989	506	989	506.574
1222.25	556.5		1222	557	1222	556.403
2201	788.5		2201	786	2201	788.126
2026.83	954.833		2026.5	954.5	2026.5	955.061
23.0534	1002.75		23	1001	23	1002.75
2467	1674.75		2467	1675	2467	1674.78
271	1707.5		270.5	1706.5	270.5	1707.57

File: 10_5_20120034.raw
958	178		958	179	958	177.356
1082.66	306.812		1083	307	1083	306.366
2197	387.5		2197	386	2197	387.842
1000.14	519.429		1000	520	1000	519.946
1234.5	566.5		1234.5	566.5	1234.5	566.736
2215.5	788.5		2215.5	787.5	2215.5	788.897
2417	825.5		2417	823	2417	825.301
1864.5	947.5		1864	947	1864	947.251
2043.5	957		2043.5	956.5	2043.5	957.401
42	1023		42	1020	42	1022.82
2491	1676		2491.5	1673.5	2491.5	1674.4
290.5	1725		290.5	1724.5	290.5	1725.16

File: 10_5_20120035.raw
960.5	183		961	184	961	182.847
1086.85	311		1087	311	1087	311.266
6.5	380.5		6.5	379.5	6.5	380.063
2201.5	387.5		2201.5	386.5	2201.5	387.687
1004.67	524.667		1004	524	1004	524.353
1238.2	570.924		1238	570	1238	570.632
2221.95	790.024		2222	788	2222	789.262
1870	949.5		1870	948	1870	949.356
2050.5	958.5		2050.5	956.5	2050.5	958.319
49.5	1029.5		49.5	1028.5	49.5	1031.03
2501	1675.5		2501	1675	2501	1673.63
300	1733.5		300	1733	300	1734.43

File: 10_5_20120036.raw
965	188.5		964.5	189.5	964.5	188.55
1090.5	316.5		1090.5	315.5	1090.5	316.191
12	389.5		12	385	12	388.303
2206	388		2206	388	2206	388.288
1794.5	512.5		1794.5	511.5	1794.5	513.258
1009	529.5		1010	531	1010	529.498
1243.5	574.5		1243.5	573.5	1243.5	574.486
2228	789.5		2228	787	2228	789.808
55.3387	1039.92		55	1036	55	1038.85
2511.5	1674.9		2511.5	1674.5	2511.5	1674.18
309	1740.5		309	1739	309	1739.67

File: 10_5_20120037.raw
968.5	195		968.5	195.5	968.5	194.535
1096.5	323		1096.5	320.5	1096.5	322.228
2211.5	387.5		2211.5	386.5	2211.5	388.338
21.5	399.5		21.5	400.5	21.5	401.143
1015	535		1014.5	534.5	1014.5	535.85
1249.38	579.438		1249.5	578.5	1249.5	578.902
2234.5	789		2234.5	787.5	2234.5	789.48
1884.5	953.5		1884.5	952.5	1884.5	953.341
2064	961		2064	961	2064	960.567
65.5	1049		65.5	1045.5	65.5	1048.72
2523.29	1674.78		2523.5	1674.5	2523.5	1674.47
322.378	1746.73		322.5	1743.5	322.5	1746.54

File: 10_5_20120038.raw
975.5	204		975.5	205.5	975.5	203.829
1102.89	328.973		1102.5	329.5	1102.5	330.048
2219.28	388.722		2219.5	388.5	2219.5	388.948
30.2391	416.283		30	415	30	416.043
1029	460.5		1028.5	462.5	1028.5	460.152
1807.5	519		1807.5	518.5	1807.5	519.398
1024	544.5		1024	544	1024	544.106
1257.5	586		1257.5	587.5	1257.5	585.805
2245.24	790.132		2245	789	2245	790.249
1895.5	957		1895.5	954.5	1895.5	955.847
2075.5	962.5		2075.5	961.5	2075.5	962.394
76.5	1062.5		76.5	1060.5	76.5	1062.59
2541.79	1674.68		2542	1674	2542	1674.45
2314	1738.5		2314.5	1738.5	2314.5	1738.14
338	1758		338	1758	338	1757.94

File: 10_5_20120039.raw
981	211.5		981	212	981	211.269
1108.83	336.833		1109.5	337.5	1109.5	336.742
40.5	429		40.5	427.5	40.5	428.255
1031.09	550.477		1031	551	1031	551.135
1264	593		1264	591	1264	591.453
2254	790		2254	787	2254	790.227
1904.5	957.5		1904.5	956.5	1904.5	957.766
2084.91	963.818		2084.5	963.5	2084.5	963.806
89.4474	1074.82		89.5	1071.5	89.5	1074.05
2555.5	1676		2556	1675	2556	1674.1
349.5	1770		349.5	1769.5	349.5	1770.99

File: 10_5_20120040.raw
985.5	216.5		985.5	217.5	985.5	216.672
1113	341.188		1113	341	1113	341.705
2230	389		2230	388	2230	389.829
42.3462	438.115		42.5	436.5	42.5	437.465
1819.27	522.962		1819	524	1819	523.422
1035.5	555		1035.5	555.5	1035.5	555.291
1269.5	596		1269.5	595.5	1269.5	595.511
2259.96	791.083		2260	790	2260	790.439
2092	964		2092	964	2092	965.051
96.1667	1082.72		96	1081	96	1081.86
2565.8	1675.46		2566	1676	2566	1674.59
361	1775.5		361	1774	361	1775.75

File: 10_5_20120041.raw
987.5	222		987.5	223.5	987.5	222.187
1117	346.5		1117	345	1117	345.755
51	447		51	443	51	446.34
1039.5	561		1039.5	560.5	1039.5	560.873
1274.5	599.786		1274.5	600.5	1274.5	600.238
2266	790.5		2266	789	2266	790.793
2469	821.5		2469	819	2469	821.025
1917.5	961.5		1917.5	958.5	1917.5	960.456
2098.5	966.5		2098.5	965.5	2098.5	966.342
104.5	1091		104.5	1088.5	104.5	1090.36
2576	1675.5		2576	1674	2576	1674.96
369	1782.5		369.5	1782.5	369.5	1783.66

File: 10_5_20120042.raw
992	227.5		992	229	992	227.416
1120.34	351.041		1120.5	350.5	1120.5	350.741
2240.5	388.5		2240.5	387.5	2240.5	388.6
54.5	458		54.5	455.5	54.5	456.676
1830.5	526.5		1830.5	525.5	1830.5	526.524
1046.45	565.024		1046.5	564.5	1046.5	565.394
1280.5	605		1280.5	604.5	1280.5	605.185
2272.5	791.5		2272.5	788.5	2272.5	790.997
1925	962.5		1925	961	1925	962.74
2105	966.5		2105	965	2105	967.362
112.2	1098.6		112	1099	112	1098.82
2586	1676		2585.5	1677.5	2585.5	1674.79
381	1790		381	1789	381	1790.43

File: 10_5_20120043.raw
998	236.5		998	237	998	234.974
1128.38	360.438		1128.5	358.5	1128.5	359.535
2247	388.5		2247	387	2247	389.074
65.1667	471.5		65.5	471.5	65.5	471.417
1055	574.75		1055	573	1055	574.538
1288.93	611.5		1288.5	610.5	1288.5	610.938
2282.88	791.5		2283	791	2283	791.511
1935.5	965.5		1935.5	964.5	1935.5	965.144
2117	967		2117	967	2117	968.473
125.708	1112		126	1111	126	1112.44
396.5	1803.5		396	1803	396	1803.06

File: 10_5_20120044.raw
1002.5	242		1002	243	1002	241.921
1132.82	363.72		1133	363	1133	363.953
2251.5	389		2251.5	388.5	2251.5	389.99
72	480		71.5	479.5	71.5	480.409
1060	579		1060.5	579.5	1060.5	578.819
1294.83	615.167		1295	614	1295	614.942
2289	791.5		2289	788	2289	791.131
1943	966.5		1943	964	1943	966.103
2122.5	969		2122.5	967.5	2122.5	968.773
132.261	1120.13		132.5	1120.5	132.5	1120.85
405.818	1809.27		406.5	1809.5	406.5	1809.9

File: 10_5_20120045.raw
1010.5	252.5		1010.5	254.5	1010.5	251.894
1141	373.5		1141	372	1141	372.495
85	498		85	496	85	498.561
1069.62	588.375		1070.5	588.5	1070.5	588.434
1304.25	622.462		1304	622	1304	622.233
2301.95	792.024		2302	789	2302	791.549
1956.5	970		1956.5	967.5	1956.5	969.711
150	1137		150	1135	150	1136
426.5	1822		426.5	1822.5	426.5	1823.24

File: 10_5_20120046.raw
1017.38	261.112		1017.5	262.5	1017.5	261.54
1148.5	382.5		1148.5	381.5	1148.5	382.611
2268.5	388.5		2268.5	387.5	2268.5	389.5
92.95	513		93	512	93	513.692
97.5	517.5		97.5	515.5	97.5	517.498
1079.5	598		1079.5	595.5	1079.5	596.753
1314.58	630.789		1314.5	629.5	1314.5	630.3
2313.38	790.735		2313.5	789.5	2313.5	791.002
2149.5	972.5		2149.5	969.5	2149.5	971.791
1969	972.5		1969	971	1969	972.169
163.5	1152.5		163.5	1148.5	163.5	1151.02
444.5	1835.5		444	1836	444	1835.8

File: 10_5_20120047.raw
1022	266.5		1021.5	267.5	1021.5	266.953
1152.64	385.66		1152	386	1152	386.542
2273.5	389		2273.5	387.5	2273.5	389.026
99.5	523		100	523	100	522.055
1865.5	540		1865.5	539.5	1865.5	540.743
1085.28	602.256		1085	602	1085	602.353
1320	633.5		1320	632	1320	633.364
2319	791		2319	790	2319	791.322
2157	972		2157	971	2157	972.46
1975	973		1975	972	1975	973.982
171	1159.5		171	1155	171	1158.3
454	1841		454	1840	454	1840.89

File: 10_5_20120048.raw
1026	273.5		1026.5	273.5	1026.5	273.571
2279.5	389		2279.5	387.5	2279.5	388.96
1159.21	392.5		1159.5	392.5	1159.5	392.704
1092.5	526		1092.5	527.5	1092.5	524.974
107.5	534		107.5	532.5	107.5	533.886
1091.39	608.196		1091	607	1091	608.254
1326.25	638.375		1326	638	1326	638.767
2327.5	791		2327.5	788.5	2327.5	790.777
2164.76	974.132		2165	973	2165	973.628
180.5	1170		180.5	1166.5	180.5	1170.05
467	1850		467	1849	467	1850.72

File: 10_5_20120049.raw
1030	277.857		1029.5	278.5	1029.5	277.746
2283	388.5		2283	387	2283	388.863
1162.5	396.5		1162.5	395.5	1162.5	396.058
113.338	541.959		113.5	540.5	113.5	541.297
1095.5	613.5		1095.5	611.5	1095.5	613.302
1331.26	642.382		1331	641	1331	641.751
2332.5	790		2332.5	788.5	2332.5	790.829
2171	974.5		2171	973	2171	974.137
1988.5	976.5		1988.5	974.5	1988.5	976.56
187.333	1176.67		187.5	1174.5	187.5	1175.8
474.5	1855		474.5	1855.5	474.5	1855.19

File: 10_5_20120050.raw
1035.86	286.214		1036.5	286.5	1036.5	286.023
2290.5	389		2290.5	387.5	2290.5	389.623
1169.52	401.739		1169.5	401.5	1169.5	402.397
122.265	555.382		122.5	555.5	122.5	555.298
1105	619.5		1105	619	1105	620.068
1337.62	648.441		1337.5	646.5	1337.5	647.552
2342	791		2342	789	2342	790.734
2182	974.75		2182	974	2182	974.916
2000.5	978.5		2000.5	976.5	2000.5	978.644
200	1186.5		200	1185	200	1187.21
489.879	1864.81		491	1864	491	1865.57

File: 10_5_20120051.raw
1039	291		1038.5	292.5	1038.5	290.696
1175	407.5		1175	406	1175	407.048
129.758	562.565		130	563	130	563.501
1108.5	624.214		1108.5	623.5	1108.5	623.828
1344	651		1344	650	1344	651.037
2348	791		2348	790	2348	791.084
2557	810		2557	809	2557	810.066
2188	976.5		2188	973	2188	975.59
2006.5	980		2006.5	979.5	2006.5	979.572
208.056	1195.61		208.5	1194.5	208.5	1195.1
499.5	1871		499.5	1870.5	499.5	1872.47

File: 10_5_20120052.raw
1044.24	296.147		1044.5	296.5	1044.5	296.08
2299.5	389		2299.5	388.5	2299.5	389.695
1178.41	412.5		1178.5	410.5	1178.5	412.021
1894.5	549		1894.5	548.5	1894.5	549.61
133.5	572		133	573	133	571.632
1114.54	629.745		1115	630	1115	629.422
1349.43	655.05		1349	656	1349	655.547
2354.61	790.5		2354.5	789.5	2354.5	790.467
2566	809.5		2566	807	2566	809.039
2195.5	976		2195.5	975.5	2195.5	976.36
2012.5	981.5		2012.5	978.5	2012.5	980.665
215.766	1203.59		216	1202	216	1203.95
1784	1323		1784	1323	1784	1322.87
508	1878		507.5	1879.5	507.5	1878.81

File: 10_5_20120053.raw
1046.77	300.308		1047	301	1047	300.034
1182.26	415.697		1182.5	414.5	1182.5	415.024
139	578.5		139	578	139	579.011
1118	633		1118	633	1118	633.149
1353.4	659.4		1353	658	1353	658.939
2360.39	790.5		2360.5	789.5	2360.5	790.542
2201	977		2201	976	2201	976.05
2019	981.5		2019	980	2019	981.858
221.941	1209.65		222	1207	222	1209.65
516.545	1884.23		517	1883	517	1884.83

File: 10_5_20120054.raw
1051	305.5		1050	306	1050	305.498
2307.5	388.5		2307.5	387.5	2307.5	388.646
1185.6	420.582		1185.5	418.5	1185.5	419.729
1903.5	552.5		1903.5	550.5	1903.5	552.744
145	586.5		144.5	587.5	144.5	586.046
1124.5	637.5		1124.5	637.5	1124.5	637.805
1359	663		1359	662	1359	662.316
2365.88	789.5		2366	788	2366	789.743
2577	807.5		2577	805	2577	806.94
2208	976.5		2208	975	2208	976.428
2025.6	983.638		2025.5	981.5	2025.5	982.952
230.052	1215.22		230	1214	230	1216.17
525.192	1891.81		525	1892	525	1892.51

File: 10_5_20120055.raw
1055.5	311.5		1055.5	310.5	1055.5	311.016
1192.48	425.244		1192.5	423.5	1192.5	425.174
1908.5	554.5		1908.5	553.5	1908.5	554.596
1128.5	560		1128.5	561.5	1128.5	559.796
152.5	595.5		152.5	595.5	152.5	595.584
1130.5	643.5		1130.5	641.5	1130.5	643.784
1363.5	666.3		1363.5	666.5	1363.5	665.417
2373.5	789		2373.5	788.5	2373.5	789.589
2215.79	977		2215.5	975.5	2215.5	976.895
2032.64	984.5		2032.5	982.5	2032.5	984.519
239	1224		239	1221	239	1223.8
537.5	1898		538	1899	538	1898.43

File: 10_5_20120056.raw
1095.5	80		1095.5	81.5	1095.5	79.817
1059	314.5		1058.5	315.5	1058.5	315.511
2316.5	387		2316.5	385.5	2316.5	387.12
1195.5	428		1195.5	427.5	1195.5	428.441
1913.5	556		1913.5	555.5	1913.5	556.031
159	604		159	602	159	603.63
1134.64	647		1134.5	645.5	1134.5	646.698
1369	668.5		1368.5	668.5	1368.5	668.285
2379	790		2379	787	2379	789.562
2221.5	978		2221.5	976.5	2221.5	977.234
2040	985.5		2040	985	2040	985.805
246.5	1231.5		246.5	1229.5	246.5	1231.81
546.278	1902.72		546	1903	546	1903.21

File: 10_5_20120057.raw
1099.5	83		1099	85	1099	82.7258
1063	320.5		1063	320	1063	319.748
2321.5	387.5		2321.5	385.5	2321.5	387.811
1199.2	432.8		1199.5	432.5	1199.5	432.803
1918.5	555.5		1918.5	554.5	1918.5	555.977
162	611.5		162	611	162	611.354
1139.22	651.022		1139.5	650.5	1139.5	651.032
1374.5	672.5		1374.5	670.5	1374.5	671.42
2384.66	790.267		2384.5	788.5	2384.5	789.577
2045.27	986.091		2045	986	2045	986.279
252.864	1238.86		253	1238	253	1237.97
1258.5	1312.5		1258.5	1314.5	1258.5	1312.08
554.405	1910.88		554.5	1910.5	554.5	1910.82

File: 10_5_20120058.raw
1067.86	324.773		1067	325	1067	324.686
2325.5	387		2325.5	386.5	2325.5	388.046
1203	438.5		1203	436	1203	436.954
169	620		169	618	169	620.367
1145	655.5		1144.5	655.5	1144.5	655.933
1379	677		1378.5	676.5	1378.5	676.658
2391	788		2391	787	2391	788.57
2234.57	978		2234.5	977.5	2234.5	978.817
2053.5	986.5		2053.5	985.5	2053.5	987.262
262	1247.5		262	1244	262	1247.14
566	1916.5		565.5	1917.5	565.5	1916.45

File: 10_5_20120059.raw
1071.32	328.318		1071.5	328.5	1071.5	328.292
2330	387		2330	386	2330	387.936
1206	442		1206	440	1206	440.723
1926.5	559.5		1926.5	558.5	1926.5	559.676
1147.5	576.5		1147	577	1147	576.317
174.625	627.25		174	626	174	626.147
1148.07	659.5		1148.5	659.5	1148.5	659.71
1385	679		1385	678	1385	679.45
2396.5	788		2396.5	786.5	2396.5	788.923
2240	979		2240	978	2240	979.681
2058	988.5		2058	987	2058	988.068
268.143	1252.14		268.5	1252.5	268.5	1252.86
575	1923		575	1921	575	1922.58

File: 10_5_20120060.raw
1074.5	333.5		1074.5	334.5	1074.5	333.479
2333.5	387.5		2333.5	386.5	2333.5	387.6
1211.5	445		1211.5	442.5	1211.5	443.735
180	635.5		180	632	180	634.401
1154.87	663.11		1155	662	1155	663.025
1389.27	683.455		1389	682	1389	682.074
2402.5	788.5		2402.5	786.5	2402.5	788.589
2248	979		2248	979	2248	979.313
2064	989.5		2064	988	2064	989.477
276	1259		276	1257	276	1258.77
2577.21	1750.79		2578	1752	2578	1750.1
584.5	1928		583	1929	583	1927.83

File: 10_5_20120061.raw
1112.5	104		1112	106	1112	103.622
1080	339.5		1080	341	1080	339.252
1217.17	450.5		1217.5	449.5	1217.5	449.979
188	646		188	643	188	646.439
1160.5	670		1160	669	1160	669.759
1395.61	687.278		1395.5	686.5	1395.5	686.705
2410.26	786.658		2410	786	2410	787.242
2255.5	978.5		2255.5	978.5	2255.5	978.559
2072.64	990.5		2072.5	988.5	2072.5	990.498
286	1269.5		286	1266	286	1268.84
594.951	1935.07		596	1935	596	1933.9

File: 10_5_20120062.raw
1084.86	345.227		1084.5	345.5	1084.5	345.198
2345.5	386		2345.5	383.5	2345.5	385.936
1222.35	454.72		1222.5	454.5	1222.5	454.789
1943.5	564.5		1943.5	563.5	1943.5	565.087
195.5	653.5		195.5	652.5	195.5	653.286
1167	672.5		1167	671	1167	673.18
1401.86	691.136		1402	691	1402	690.369
2417	786.5		2417	785	2417	787.109
2263.5	980.5		2263.5	977.5	2263.5	980.164
2081.5	991		2081.5	989.5	2081.5	991.994
294.5	1277		294.5	1275.5	294.5	1276.95
607.5	1940		607	1939	607	1939.34

File: 10_5_20120063.raw
1088.5	350		1088.5	348.5	1088.5	350.111
1226.6	459.582		1226.5	458.5	1226.5	459.189
201	662.4		201	660	201	661.968
1171.66	678.812		1172	678	1172	679.106
1407.56	694.611		1407.5	693.5	1407.5	694.38
2423	786		2423	785	2423	787.424
2271.5	980		2271.5	978.5	2271.5	980.208
2086.5	992.5		2086.5	991.5	2086.5	993.34
302	1284.5		302	1282	302	1284.5

File: 10_5_20120064.raw
1093.1	353.7		1092.5	354.5	1092.5	353.755
2354	384.5		2354	384	2354	385.709
1231.67	463.032		1231.5	462.5	1231.5	463.63
1955	566		1955	564	1955	565.806
208	670.5		207.5	669.5	207.5	670.293
1176.5	683		1176.5	682.5	1176.5	682.767
1413.3	698.1		1413	698	1413	698.448
2430	787		2430	785	2430	786.677
310.5	1293.5		310.5	1289.5	310.5	1291.86

File: 10_5_20120065.raw
1097.8	361		1097.5	361.5	1097.5	360.872
1236.78	469.726		1236.5	468.5	1236.5	468.596
216.346	682.115		217	681	217	680.968
1187	688		1186.5	687.5	1186.5	687.863
1420	704		1420	702	1420	703.097
2439.5	785.5		2439.5	783.5	2439.5	786.025
2287.62	981.794		2287.5	980.5	2287.5	980.226
322.38	1301.98		322.5	1299.5	322.5	1301.9

File: 10_5_20120066.raw
1106.1	370.5		1106	371	1106	370.84
2370.5	384.5		2370.5	384.5	2370.5	383.916
1245.75	477.25		1245.5	476.5	1245.5	477.132
1195.34	697.267		1195.5	695.5	1195.5	696.963
227.853	695.206		227.5	695.5	227.5	696.004
1431.5	710		1431.5	708.5	1431.5	708.962
2450.5	784		2450.5	781.5	2450.5	783.931
2300	981		2300	980	2300	981.031
2117	996		2117	995	2117	996.662
335	1315.86		335	1315	335	1315.46
1550.5	1657.5		1550.5	1658.5	1550.5	1657.32

File: 10_5_20120067.raw
1137.5	141.5		1138.5	143.5	1138.5	140.934
1113	377.5		1113	379	1113	377.267
2375.62	383.438		2375.5	382.5	2375.5	383.587
1253	483		1253	483	1253	483.453
1978	572		1978	570	1978	572.201
1202.95	704.045		1203	702	1203	703.209
237.792	707		238	706	238	707.253
1437.8	714.076		1438	714	1438	713.677
2460	783.5		2460	781	2460	783.167
2310.03	980.676		2310	980	2310	981.45
348.5	1325.5		348.5	1324.5	348.5	1325.41

File: 10_5_20120068.raw
1114.5	380.5		1114	380	1114	379.99
2378	383.5		2378	382	2378	383.411
1256.75	485		1257	484	1257	485.225
1205.5	705.5		1205.5	705.5	1205.5	705.38
241	712.5		241	710	241	711.849
1440.85	715.677		1440.5	715.5	1440.5	715.578
2464	783		2464	780	2464	783.025
2313.5	980.5		2313.5	980.5	2313.5	981.612
2131	998		2131	997	2131	998.363
353.5	1330.5		353.5	1328.5	353.5	1330.12

File: 10_5_20120069.raw
1119.5	384		1119	386	1119	384.575
1260.2	487.719		1259.5	488.5	1259.5	487.869
1211	709.5		1211.5	710.5	1211.5	709.954
1447.33	719		1447.5	718.5	1447.5	718.768
246.5	719.5		246.5	717.5	246.5	720.147
2469	782		2469	780	2469	782.609
2321	981.5		2321	981	2321	981.438
359.688	1336		360	1336	360	1336.72
1576.5	1667		1576.5	1668.5	1576.5	1665.87

File: 10_5_20120070.raw
2387.11	382.429		2387	382	2387	382.733
1124	389		1124	389	1124	388.59
1265.5	493.5		1265.5	492.5	1265.5	493.699
1217	713.25		1217.5	713.5	1217.5	713.646
1452	723		1452	722	1452	722.522
252	728.5		252	726	252	727.565
2475.96	783.115		2476	780	2476	782.871
2143.5	999.5		2143.5	999.5	2143.5	1000.19
367.397	1342.43		367.5	1342.5	367.5	1342.88
1585	1669.5		1585	1670	1585	1669.19

File: 10_5_20120071.raw
1127.45	393.364		1127	394	1127	393.732
1268.55	497		1268.5	495.5	1268.5	496.451
1216	636		1215.5	637.5	1215.5	635.471
1222	718.5		1222	717	1222	718.122
1456.72	725.744		1457	725	1457	725.044
256.5	733.5		256.5	733.5	256.5	734.207
2482.5	781.5		2482.5	779.5	2482.5	781.566
2333.71	982		2333.5	980.5	2333.5	981.68
376.5	1350		376.5	1347.5	376.5	1349.62

File: 10_5_20120072.raw
2395.5	381		2395.5	379.5	2395.5	381.373
1129.55	395.793		1130	396	1130	395.936
1271	497.944		1271.5	498.5	1271.5	498.626
1225.5	719		1225.5	718.5	1225.5	719.975
1460.5	727.5		1460.5	726.5	1460.5	726.806
261	738		261	738	261	738.067
2485	781.5		2485	780	2485	781.699
2338	982		2338	981	2338	981.817
2154	1000.5		2154	1000	2154	1000.91
380	1353		379.5	1351.5	379.5	1353.46

File: 10_5_20120073.raw
1154.5	164		1154.5	165.5	1154.5	163.899
2398	380.5		2398	379	2398	380.622
1133.28	399.611		1133	400	1133	399.339
1274.83	502.5		1274.5	501.5	1274.5	502.848
2001.5	578.5		2001.5	577.5	2001.5	579.149
1230	723		1229.5	723.5	1229.5	723.018
1464.86	731		1464.5	730.5	1464.5	730.071
267	745		267	743	267	744.818
2491	780		2491	778	2491	780.274
2344	981		2344	981	2344	981.444
388.24	1358.31		388.5	1357.5	388.5	1358.18

File: 10_5_20120074.raw
2404	379.5		2404	379	2404	379.757
1138.17	405.167		1138	405	1138	404.827
1280.38	507.088		1280	505	1280	506.615
1235	727.5		1235	727	1235	727.384
1470.37	734.478		1470	734	1470	733.65
272.5	754.5		272.5	752.5	272.5	754.063
2497	780		2497	778	2497	779.359
2350.93	981.5		2350.5	980.5	2350.5	981.673
2166.5	1002		2166.5	1000.5	2166.5	1002.38
396.385	1367		396.5	1364.5	396.5	1367.31

File: 10_5_20120075.raw
2406.5	379.5		2406.5	378.5	2406.5	380.458
1142	408.875		1142	408	1142	408.422
1284.5	509.75		1284.5	510.5	1284.5	509.729
1240	732.333		1240	731	1240	731.593
1475.99	737.149		1475.5	736.5	1475.5	736.115
278.931	760.586		279	758	279	760.214
2503	778		2503	777	2503	779.138
2356.93	981.071		2356.5	981.5	2356.5	981.482
2172.5	1002.5		2172.5	1001.5	2172.5	1002.63
401.917	1373.5		402	1372	402	1372.73

File: 10_5_20120076.raw
1146.5	412		1146.5	412.5	1146.5	412.322
1289	514.25		1289	514	1289	515.154
2016.5	581		2016.5	579.5	2016.5	581.729
1246.07	735.196		1246	735	1246	735.379
1481.2	738.8		1481	739	1481	738.143
285.365	767.176		285	766	285	767.28
2509.06	777.685		2509	777	2509	777.584
2364.5	981.25		2364.5	980.5	2364.5	980.934
2179	1003		2179	1001	2179	1002.56
411.93	1379.6		412	1379	412	1378.65

File: 10_5_20120077.raw
490	36.5		490.5	36.5	490.5	35.8353
2416.5	378		2416.5	377.5	2416.5	378.895
1150	418		1150	417	1150	417.557
1294.17	517.5		1294.5	516.5	1294.5	517.517
2021	581.5		2021	580	2021	581.57
1249.5	738.5		1250.5	739.5	1250.5	738.652
1485.73	741.526		1486.5	742.5	1486.5	741.352
289	774.5		289	773	289	775.06
2516.41	777.481		2516.5	775.5	2516.5	777.539
2371	980.8		2371	980	2371	980.733
419.625	1386		419	1385	419	1386.33

File: 10_5_20120078.raw
2424	376.5		2424	375	2424	376.761
1157	425.5		1158	428	1158	425.808
1303.04	526.115		1303	525	1303	525.575
1262	747.643		1262	747	1262	746.978
1496.93	747.786		1496.5	748.5	1496.5	747.664
2527.5	775.5		2527.5	774.5	2527.5	775.932
303	788		303	786	303	788.268
2078.5	981		2078.5	978.5	2078.5	981.346
2384.17	980.5		2384	980	2384	980.796
2199	1004		2199	1003	2199	1004.93
434.962	1399.5		434.5	1396.5	434.5	1398.9

File: 10_5_20120079.raw
2429	376.5		2429	374	2429	376.648
1162.5	430.5		1162.5	429.5	1162.5	430.025
1307	530		1307	529	1307	529.008
1502.5	751		1502.5	750.5	1502.5	751.09
1267.73	750.107		1267	751	1267	749.92
2533.56	775		2533.5	773.5	2533.5	775.311
309.5	796		309.5	792.5	309.5	796.316
2390.5	980.5		2390.5	978.5	2390.5	980.76
2207	1006		2207	1004	2207	1005.01
442	1405.5		442	1405	442	1405.83

File: 10_5_20120080.raw
505	63		505	62	505	63.1367
1167	435		1167	435	1167	435.429
1312.38	533.441		1312.5	531.5	1312.5	532.577
1508	754.875		1508	754	1508	753.795
1272.92	755.711		1273	753	1273	754.688
2540.5	774.5		2540.5	771.5	2540.5	774.254
315.5	804		315.5	801.5	315.5	803.834
2397.64	980.5		2397.5	979.5	2397.5	980.798
2211.97	1006.32		2212	1004	2212	1005.89
449	1411		450	1411	450	1411.34

File: 10_5_20120081.raw
507.357	71.0714		507	71	507	70.7056
2437.5	375.5		2437.5	374.5	2437.5	376.239
1172	438.5		1172	438	1172	438.744
1315.72	536.5		1315.5	535.5	1315.5	536.429
2046.5	587.5		2046.5	586.5	2046.5	587.351
1514.14	756.714		1514	756	1514	756.426
1277	758.5		1277	757	1277	759.084
2547	773		2547	771	2547	773.47
321	811.5		321	808	321	810.78
2405.17	979.5		2405	979	2405	980.136
2100	983.5		2100	981	2100	983.381
2218.5	1006		2218.5	1003.5	2218.5	1006.38
458.735	1419.51		459.5	1417.5	459.5	1419.51

File: 10_5_20120082.raw
264.5	4		264.5	3.5	264.5	4.16873
2443.96	374.269		2444	372	2444	374.237
1176	443		1175.5	443.5	1175.5	443.293
1322	541		1322	538	1322	539.501
2051	588.5		2051	587	2051	588.974
1518.5	759.786		1518.5	760.5	1518.5	759.729
1283	763		1283	761	1283	762.103
2552.55	772		2552.5	768.5	2552.5	771.418
328.117	818.056		327.5	818.5	327.5	818.359
2412	980.5		2412	979	2412	980.134
467	1425		467	1424	467	1425.7

File: 10_5_20120083.raw
269.5	11		269	11	269	9.95054
1190.5	212		1191.5	213.5	1191.5	212.281
1180	448		1180	448	1180	448.194
1326.5	544		1326.5	543.5	1326.5	543.802
2057	589		2057	587	2057	589.456
1524	764		1524	764	1524	762.871
1289.77	766.459		1289	766	1289	766.191
2559	772		2559	768	2559	771.555
334.311	826.085		334.5	826.5	334.5	826.595
2419.5	979.5		2419	979	2419	979.526
2233.17	1006.5		2233	1006	2233	1007.08
474.995	1432.18		474.5	1431.5	474.5	1431.32

File: 10_5_20120084.raw
273.18	18.7159		274	20	274	19.1818
1195	216		1195	218	1195	216.37
1184.5	451		1184.5	451.5	1184.5	451.853
1330.31	547.769		1330	547	1330	547.123
2061.5	589.5		2061.5	589.5	2061.5	590.013
1529.39	765.23		1529.5	765.5	1529.5	765.348
2565.05	770		2565	767	2565	770.293
1293.19	771.357		1293	771	1293	770.725
340.083	832.5		340	830	340	833.038
2424.58	979.731		2424.5	978.5	2424.5	979.307
2239	1007.5		2239	1006	2239	1008.22
482.853	1437.15		483	1437	483	1437.81
1711.5	1709		1711.5	1709.5	1711.5	1707.98

File: 10_5_20120085.raw
276.857	27.4286		276.5	25.5	276.5	27.0665
2457	372		2457	369	2457	371.735
1188.67	456		1189	457	1189	455.904
1334.93	551.071		1334.5	550.5	1334.5	550.556
2571.5	769.5		2571.5	766.5	2571.5	769.084
1535	768.643		1535	769	1535	768.57
1299	773.5		1299	773	1299	774.134
346.5	840		346.5	837.5	346.5	839.87
2431	978		2431	978	2431	978.575
2245.5	1008.5		2245.5	1005.5	2245.5	1007.62
490	1443		490	1443	490	1444.92
1719.5	1711.5		1720	1712	1720	1710.7

File: 10_5_20120086.raw
280.5	39		280.5	39.5	280.5	38.3111
1201.5	226		1202.5	227.5	1202.5	225.713
1194.5	460.5		1194.5	461.5	1194.5	460.903
1340	556		1340	554	1340	555.086
2579	768.5		2579	766	2579	768.492
1541.25	772.5		1541	773	1541	771.967
1306.24	779.103		1306	777	1306	778.847
353.5	849		353	849	353	848.092
2440	978.5		2440	977	2440	978.593
499.5	1451.5		500	1453	500	1452.26

File: 10_5_20120087.raw
282	42		282	40	282	41.9545
1204.5	229.5		1205	232	1205	229.348
2463.68	371.045		2464	370	2464	371.341
1197	463.714		1197	465	1197	463.607
1344.92	558.711		1345	557	1345	557.745
2075	592.5		2075	591	2075	593.312
2583	766.5		2583	766	2583	767.458
1545.79	775		1545.5	774.5	1545.5	774.519
1311	781		1311	781	1311	781.054
359	853.5		359	852	359	854.396
2445.39	978.611		2445.5	976.5	2445.5	978.494
2137	989		2137	987	2137	988.76
505	1456.5		505.5	1455.5	505.5	1456.82
1738.5	1716.5		1738.5	1717.5	1738.5	1715.56
621	1842		621	1840	621	1842.07

File: 10_5_20120088.raw
287.777	53.3108		288	49	288	51.547
1208.5	234		1209.5	235.5	1209.5	233.314
1202	468.667		1202	468	1202	468.387
1350.5	561.5		1350.5	559.5	1350.5	561.039
2587.88	766.125		2587.5	766.5	2587.5	766.441
1551.89	777.342		1552	777	1552	776.801
1316	785.5		1316	785	1316	784.793
364.5	861.5		364.5	856.5	364.5	860.584
2451.66	978.435		2451.5	977.5	2451.5	978.33
2266.17	1008.5		2266	1007	2266	1008.4
513.083	1461.71		512.5	1461.5	512.5	1462.06

File: 10_5_20120089.raw
290	59.5		290	58	290	58.5146
1212.88	239		1213.5	239.5	1213.5	238.965
1206.64	472.786		1206.5	473.5	1206.5	472.562
1353.81	565.385		1353.5	564.5	1353.5	564.585
1557.06	779.963		1556.5	780.5	1556.5	780.088
1321.07	789		1321	788	1321	788.518
371.167	868		371	866	371	867.914
2459.33	978		2459	977	2459	977.894
2272	1008.5		2272	1007	2272	1009.17
522.214	1469.21		522	1469	522	1469.56

File: 10_5_20120090.raw
295.958	68.2831		295.5	68.5	295.5	69.2496
542.045	135.318		541.5	135.5	541.5	134.011
1216.5	242		1215.5	243.5	1215.5	242.381
2479.5	367.5		2479.5	366.5	2479.5	368.333
1210	476.417		1210	477	1210	476.168
1358.5	570		1358.5	568.5	1358.5	568.568
2090.5	594.5		2090.5	593.5	2090.5	594.675
1563.5	783.167		1563.5	783.5	1563.5	782.809
1328.28	791.722		1328	791	1328	791.356
377.5	874.5		377.5	872.5	377.5	874.647
2466.5	977.5		2466.5	977.5	2466.5	977.274
530.191	1476.59		530	1476	530	1476.38

File: 10_5_20120091.raw
299	77		299	77	299	76.0585
702	177.5		702	178	702	177.015
2482.76	366.868		2483	366	2483	367.366
1216	481.25		1216	481	1216	480.938
1364.34	572.64		1364.5	572.5	1364.5	573.189
1569.5	785.214		1569.5	785.5	1569.5	785.448
1332	796.5		1332.5	796.5	1332.5	796.636
767	830		767	828	767	829.661
384.5	882.929		384.5	882.5	384.5	883.244
2473	977.5		2473	975	2473	976.689
2287	1009.5		2287	1008	2287	1009.44
538.55	1482.42		539	1482	539	1482.52

File: 10_5_20120092.raw
304	86		304	86	304	86.5404
1224	251		1223.5	252.5	1223.5	250.795
1369.62	577.441		1369.5	575.5	1369.5	576.95
2101	596		2101	594	2101	596.704
1574	789		1574.5	789.5	1574.5	788.691
1338.88	800.293		1339	798	1339	799.839
391.5	889		391.5	887.5	391.5	889.603
2481	977		2481	975	2481	976.119
2294	1010		2294	1008	2294	1010.36
547.226	1488.66		548.5	1488.5	548.5	1489.28

File: 10_5_20120093.raw
304	91.8		304	91	304	91.7273
552	155.5		552	156	552	155.026
2492.5	364.5		2492.5	363.5	2492.5	365.169
1223	489.25		1223	489	1223	489.22
1373.33	580		1373.5	578.5	1373.5	579.546
1579	791		1579	791	1579	790.764
1344.83	802.5		1345	802	1345	802.866
397	895.5		397	893	397	895.585
2486.5	975		2486.5	972.5	2486.5	975.158
2300	1010.5		2300	1008	2300	1009.59
553.5	1494.5		554	1493	554	1494.44

File: 10_5_20120094.raw
311.5	101		311	100	311	101.525
2496	364.5		2496	363	2496	365.407
1228.89	492.63		1228.5	492.5	1228.5	493.078
1378.61	582.463		1378	582	1378	581.992
2111	598		2111	597	2111	598.511
1335.5	724.5		1335.5	724.5	1335.5	725.115
1584.83	794.722		1584.5	793.5	1584.5	793.902
1348.67	806.109		1349	806	1349	805.855
403.636	903		403.5	899.5	403.5	901.814
2494	974		2494	973	2494	975.221
2307.5	1009.5		2307.5	1008.5	2307.5	1010.37
562.45	1499.58		562	1500	562	1501.11

File: 10_5_20120095.raw
314.652	107.261		314.5	107.5	314.5	107.514
1233	496.188		1233	497	1233	496.46
1382.69	585.793		1382.5	585.5	1382.5	585.186
2116	598.5		2116	596	2116	598.157
1589.5	796.5		1589.5	795.5	1589.5	795.145
1354.8	810.065		1355	810	1355	810.129
409.611	909.278		409.5	906.5	409.5	908.601
2500.03	974.676		2500	974	2500	975.056
2314	1011		2314	1008	2314	1010.31
571.391	1506.8		571	1506	571	1506.87

File: 10_5_20120096.raw
320.5	116		320.5	114.5	320.5	116.267
564	176		564	177	564	175.525
1238.5	266.5		1239	267	1239	266.537
1238.5	500.5		1238.5	500.5	1238.5	501.049
1388.5	591		1388	590	1388	590.101
1596.86	799.045		1596.5	799.5	1596.5	799.191
1361	813.5		1360.5	814.5	1360.5	813.318
416.136	917.136		416	917	416	917.367
2508.5	973.5		2508.5	971.5	2508.5	974.028
2321	1010		2321	1009	2321	1010.38
580.419	1513.88		581	1514	581	1514.19

File: 10_5_20120097.raw
322.5	125.5		322.5	123.5	322.5	123.571
1241.5	505		1241.5	505.5	1241.5	504.601
1393	593.5		1393	593	1393	593.526
2126.5	600		2126.5	598.5	2126.5	600.83
1601.47	801.062		1601.5	801.5	1601.5	801.45
1366.1	817		1366	818	1366	816.155
421.72	923.598		421.5	922.5	421.5	923.736
2515	974		2515	972	2515	973.189
587.364	1518.41		588	1519	588	1519.04

File: 10_5_20120098.raw
328	132		328	131	328	133.007
1246.5	509.1		1246.5	509.5	1246.5	509.429
1396.75	596.25		1397	596	1397	596.045
1608.2	804.8		1608	805	1608	805.191
1372	820		1372	819	1372	820.419
428.167	930.5		428	929	428	929.939
596.389	1525		596.5	1525.5	596.5	1525.24

File: 10_5_20120099.raw
331	141		332.5	143.5	332.5	139.966
575	196.5		575	195	575	196.433
733	227.5		733	228	733	226.879
1249	278		1248.5	280.5	1248.5	277.714
1250.5	512.643		1251	513	1251	512.997
1401.98	599.952		1402	601	1402	599.753
1613	808		1612.5	808.5	1612.5	807.559
1377.23	823.583		1377	824	1377	824.735
434.731	936.423		435	935	435	937.458
2528.8	972		2528.5	971.5	2528.5	972.248
603	1530.5		603	1530	603	1530.67

File: 10_5_20120100.raw
335.5	148.5		335.5	146.5	335.5	147.556
1252.83	283		1251.5	284.5	1251.5	283.491
1255	516.75		1255	517	1255	517.114
1407.5	603		1407	602	1407	603.223
1618.79	808.265		1618	809	1618	808.532
1382.88	827.438		1382.5	828.5	1382.5	827.473
441.304	943.174		441	941	441	942.466
2535.5	970.5		2535.5	970.5	2535.5	970.959
611.333	1536.67		612	1536	612	1536.75

File: 10_5_20120101.raw
339.783	156.54		340	155	340	156.082
3	504		4	506	4	503.972
1259.5	520.5		1259.5	521.5	1259.5	520.542
1411	607		1411	607	1411	605.951
1623.88	812.75		1623.5	813.5	1623.5	811.592
1389.17	830.926		1389	830	1389	830.046
448.079	949.342		447.5	948.5	447.5	949.128
2543	970.5		2543	970	2543	970.227
2355	1009.5		2355	1009	2355	1009.24
1614.5	1465.5		1614.5	1466.5	1614.5	1464.97
620.5	1541.5		621	1541	621	1542.38

File: 10_5_20120102.raw
344	164		344	163	344	163.841
1260.1	291.1		1260.5	291.5	1260.5	291.394
4.5	512.5		4.5	511.5	4.5	512.429
1266.5	525		1266.5	525.5	1266.5	524.9
2152	602.5		2152	600	2152	602.254
1417	610.5		1417	609	1417	609.176
1630.04	814.577		1630.5	814.5	1630.5	814.458
1395.12	834.346		1394.5	835.5	1394.5	833.726
455.455	957		455.5	954.5	455.5	956.358
2551	969.125		2551	969	2551	969.576
628.342	1548.74		628.5	1549.5	628.5	1549.74

File: 10_5_20120103.raw
348.833	170.611		348.5	171.5	348.5	170.971
8	522		8	520	8	521.392
1269.5	529.1		1269.5	528.5	1269.5	528.716
1421.5	614		1421.5	611.5	1421.5	612.694
1634.87	816.965		1635.5	817.5	1635.5	816.732
1400.5	837		1400.5	837.5	1400.5	836.836
461	962.5		461	961	461	962.82
2557.25	968.375		2557	969	2557	968.813
2368	1010		2368	1009	2368	1010.13
637.074	1554.46		637	1552	637	1553.86

File: 10_5_20120104.raw
354.989	184.543		355.5	185.5	355.5	184.491
2545	353.5		2545	351	2545	354.21
1276.5	534		1276.5	533.5	1276.5	535.034
20.5	534.5		20.5	533.5	20.5	534.855
1429.64	619		1429.5	617.5	1429.5	617.58
1644.45	821.364		1644	822	1644	821.153
1408.73	843.566		1408.5	843.5	1408.5	842.824
848.833	903.5		849	902	849	903.606
2568.73	968.038		2569	969	2569	967.73
471.25	972.75		471	971	471	972.765
2379	1009.5		2379	1008	2379	1010.26
651	1563		650	1563	650	1562.61
1897.5	1756.5		1897.5	1757.5	1897.5	1755.61

File: 10_5_20120105.raw
357	186		357	186	357	187.775
1271.5	302.167		1271.5	303.5	1271.5	302.328
2547.5	352		2547.5	351.5	2547.5	352.912
1278	536		1278.5	536.5	1278.5	536.609
20.3824	537.206		20.5	537.5	20.5	537.306
1431	619.4		1431	619	1431	619.062
1646.57	822.245		1647	823	1647	821.796
1411.5	843.5		1411	843	1411	843.118
2569.64	966.5		2569.5	965.5	2569.5	966.277
473.167	976		473	973	473	975.378
653.929	1566.36		653	1567	653	1565.98

File: 10_5_20120106.raw
361	194		361	195	361	194.558
601.605	243.816		602	245	602	243.775
1283.05	540.259		1283	540	1283	539.913
27.5	546.5		27.5	546.5	27.5	546.815
1435.19	623.282		1435.5	622.5	1435.5	622.591
1652.71	824.476		1653	825	1653	824.523
1417	848		1417	848	1417	846.971
856	911.5		856	909	856	911.347
2577.21	966.158		2577	964	2577	965.887
480	983		480	982	480	984.484
2390	1010		2390	1009	2390	1009.94
661.875	1571.12		662.5	1570.5	662.5	1570.77

File: 10_5_20120107.raw
369	210		369	209	369	209.92
610	258		610.5	258.5	610.5	257.415
2559.5	349		2559.5	347.5	2559.5	349.807
1292.5	548		1292.5	548.5	1292.5	548.322
40.5	564.5		40.5	560.5	40.5	563.968
1445.79	628.735		1445	629	1445	628.08
1665.05	829.016		1665	828	1665	829.473
1427.89	853.571		1428	853	1428	853.779
494	996		494	995	494	995.575
2403.17	1009.5		2403	1008	2403	1009.59
678.5	1583.5		678	1583	678	1583.37

File: 10_5_20120108.raw
379.5	214		379.5	216.5	379.5	214.018
372.5	217.5		372.5	215.5	372.5	216.681
614.5	263.5		615	264	615	262.764
1296.5	552		1297	553	1297	551.773
46	572.5		46	570	46	571.581
1450	632.5		1450.5	632.5	1450.5	631.385
1669.46	831.755		1669.5	832.5	1669.5	831.731
1434.5	856		1434.5	855.5	1434.5	856.309
499.548	1001.31		499.5	999.5	499.5	1001.41
2410	1009		2410	1008	2410	1009.34
686.125	1589.81		686.5	1589.5	686.5	1589.17

File: 10_5_20120109.raw
382.5	231.5		382.5	230.5	382.5	231.634
622.5	274.5		622.5	272.5	622.5	273.598
2575	345.5		2575	343	2575	345.7
1306.5	558.5		1306.5	559.5	1306.5	558.9
56	588.5		56	586	56	587.26
1461.5	640		1461	639	1461	639.585
1681.5	836		1681	835	1681	835.602
1445.92	863.917		1446	863	1446	863.762
2422.5	1009		2422.5	1005.5	2422.5	1008.51
513.092	1014.6		513	1012	513	1014.48
703.357	1599.93		704	1600	704	1600.04

File: 10_5_20120110.raw
385.722	240.278		385.5	239.5	385.5	239.626
627.5	283.5		627.5	283.5	627.5	283.039
1296.5	329		1296.5	330.5	1296.5	329.915
1311	562		1311.5	562.5	1311.5	562.037
64.6364	596.727		64.5	594.5	64.5	596.49
1465.41	641.391		1465.5	641.5	1465.5	641.121
1687	838		1687	838	1687	838.717
1451.5	867		1451.5	867.5	1451.5	867.39
518.136	1020.86		518	1021	518	1021.05
710.396	1605.49		711	1605	711	1605.93

File: 10_5_20120111.raw
2113.5	4		2113.5	3.5	2113.5	4.40933
391.4	248.4		391	249	391	248.609
632.083	292.083		632.5	292.5	632.5	291.394
2585.5	341.5		2585.5	340.5	2585.5	341.977
1318.03	566.128		1317.5	566.5	1317.5	565.982
2209	607.5		2209	605	2209	607.293
69.5	607		69.5	605.5	69.5	607.219
1472.34	646.951		1472	646	1472	646.067
1693.5	842		1693.5	843.5	1693.5	841.878
1459	870.5		1458.5	871.5	1458.5	870.286
528	1030.5		528	1028	528	1029.45
722.279	1611.93		722.5	1611.5	722.5	1613.03

File: 10_5_20120112.raw
2116.5	4		2116.5	2.5	2116.5	4.52282
395	254		395	255	395	253.405
1305.5	337.5		1306	338	1306	337.336
1320.11	570.37		1320.5	569.5	1320.5	570.144
74	613		74	611	74	612.755
1475.5	648.5		1475.5	647.5	1475.5	647.157
1698	843.5		1698	843	1698	843.667
1463.5	873		1464	873	1464	872.957
532.682	1033		532.5	1031.5	532.5	1033.86
728.024	1616.71		729	1617	729	1617.92

File: 10_5_20120113.raw
398.057	263.238		399	262	399	263.281
640	302.5		640	301	640	302.339
1325.74	573.842		1325.5	572.5	1325.5	573.51
81	621.5		81	619	81	621.198
1480.55	651.184		1480.5	651.5	1480.5	651.232
1704.33	845.667		1704	844	1704	845.374
1469.77	876.545		1470	876	1470	876.611
2450.5	1007		2450.5	1004.5	2450.5	1006.98
539.5	1040		539.5	1038.5	539.5	1039.57
736.342	1622.03		736	1622	736	1623.51

File: 10_5_20120114.raw
404.7	270.9		404.5	271.5	404.5	271.338
644.5	310.5		645	311	645	309.764
1331.5	578.1		1331.5	577.5	1331.5	578.318
2224	607.5		2224	606	2224	607.9
90.5	631.5		90.5	630.5	90.5	632.296
1487.11	655.667		1486.5	654.5	1486.5	654.858
9	718		9	717	9	717.407
1711.39	848.23		1711.5	848.5	1711.5	848.832
1477.79	880.5		1477	881	1477	879.422
2460	1006.5		2460	1004	2460	1006.78
548	1049.5		548	1046	548	1048.61
244.5	1275.5		244.5	1275.5	244.5	1276.59
747.118	1629.52		747	1629	747	1628.97

File: 10_5_20120115.raw
408.5	276.5		408.5	276.5	408.5	275.859
1334.42	581.292		1334.5	580.5	1334.5	580.619
94.5	638		94.5	636.5	94.5	638.78
1492.24	658.283		1491.5	657.5	1491.5	656.758
13	724		13	723	13	723.822
1715.5	850.5		1715.5	850.5	1715.5	850.692
1481.82	882.592		1481.5	882.5	1481.5	882.011
553.382	1052.56		553.5	1052.5	553.5	1053.15
251	1283		251	1281	251	1282.98
754	1634		754	1633	754	1634.3
2012.5	1780		2012.5	1779.5	2012.5	1779.78

File: 10_5_20120116.raw
411.419	283.464		411.5	283.5	411.5	284.141
653.167	322.167		652.5	322.5	652.5	321.87
1339.5	584.5		1339.5	583.5	1339.5	584.308
98	645.5		98	644	98	645.41
105.5	646		106	649	106	645.617
1495.09	660.477		1495.5	661.5	1495.5	660.26
21.5	733		21.5	730.5	21.5	731.72
1722.35	851.765		1722	852	1722	852.373
1486.5	885.3		1486.5	884.5	1486.5	885.494
560	1059		560	1058	560	1059.19
762	1638.5		762	1638	762	1638.7

File: 10_5_20120117.raw
416.38	291.169		416.5	290.5	416.5	291.862
106.5	655		106.5	653.5	106.5	656.508
1501.6	664.468		1501.5	662.5	1501.5	663.577
26.587	740.848		26.5	741.5	26.5	740.599
1727.5	855.5		1727.5	855.5	1727.5	855.391
1493.5	889		1493.5	890.5	1493.5	888.178
566.5	1066.5		566.5	1063.5	566.5	1065.48
771.875	1645.34		772.5	1645.5	772.5	1645.64

File: 10_5_20120118.raw
425	305.5		425	306	425	306.266
664.5	340		664.5	340.5	664.5	340.22
1354.56	595.323		1354	595	1354	594.372
1511.32	670.045		1511	670	1511	669.514
118.5	671		118.5	669.5	118.5	671.078
1738.21	858.842		1738	858	1738	858.678
1504.7	894.7		1504.5	894.5	1504.5	894.563
579.5	1079		579.5	1076.5	579.5	1078.66
788.558	1655.7		788	1657	788	1656.38

File: 10_5_20120119.raw
433.984	319.306		433.5	319.5	433.5	320.259
1364	602.333		1363.5	602.5	1363.5	601.647
1520.52	674.768		1521	675	1521	674.757
130	687		130	683	130	686.98
50.7727	773.227		51	773	51	773.526
1751.5	863.5		1751	864	1751	863.026
1516.58	900.602		1516	901	1516	900.719
2508	1004.5		2508	1002	2508	1003.24
593.281	1089.8		593.5	1087.5	593.5	1090.02
296.5	1324.5		296.5	1323.5	296.5	1325.11
1793.5	1519.5		1793.5	1518.5	1793.5	1518.98
805.5	1667.5		804.5	1666.5	804.5	1666.9

File: 10_5_20120120.raw
437.5	328		438	326	438	326.688
678	359		678	358	678	358.544
1344.77	374.115		1345	374	1345	374.884
1368.5	605.5		1368.5	603.5	1368.5	603.71
1526.87	678.395		1526.5	678.5	1526.5	677.712
136.5	695		136.5	690.5	136.5	693.015
1757	865.5		1756.5	865.5	1756.5	865.236
1522.72	903.278		1523	903	1523	902.613
2514	1002.5		2514	1001	2514	1003.03
600	1096		600	1094	600	1096.05
813	1671.5		813.5	1672.5	813.5	1671.38

File: 10_5_20120121.raw
442.846	335		442.5	334.5	442.5	334.104
682	366.5		682.5	366.5	682.5	365.689
1373.5	608.5		1373	609	1373	608.916
1532	681.5		1532	682	1532	681.283
142.5	703		142.5	700.5	142.5	702.699
64.375	789.375		65.5	790.5	65.5	789.284
1762.36	867.5		1762.5	866.5	1762.5	867.408
1529	905.5		1529	905	1529	906.327
2522.26	1002.05		2522	1002	2522	1001.9
607.769	1103.51		607.5	1100.5	607.5	1101.51
821.976	1677.1		822	1678	822	1677.57

File: 10_5_20120122.raw
2148.5	9.5		2148.5	9.5	2148.5	9.78571
447.89	341.354		447.5	341.5	447.5	341.452
685.5	372.5		685.5	372.5	685.5	372.715
2276	608		2275.5	608.5	2275.5	608.181
1378.4	613.119		1378.5	613.5	1378.5	613.326
1537.5	685.5		1537.5	683.5	1537.5	684.228
148.5	710.5		148.5	707.5	148.5	710.456
69.7963	797.722		70	798	70	797.782
1510.5	828.5		1510.5	828.5	1510.5	828.852
1768	869.5		1768.5	869.5	1768.5	869.453
1534.5	909		1534.5	909.5	1534.5	908.466
2529.58	1001.73		2529.5	999.5	2529.5	1001.17
614.152	1107.67		614.5	1107.5	614.5	1108.87
832	1681.5		832	1682	832	1681.93

File: 10_5_20120123.raw
453.53	349.621		453	350	453	350.967
691.773	378.773		692	379	692	378.178
1383.9	617.1		1383	618	1383	617.513
1543	688		1543	687	1543	686.751
156	720		156	718	156	720.18
79.5	806.5		79.5	805.5	79.5	806.24
1775.5	871.5		1775.5	871.5	1775.5	871.756
1542	913.5		1542	912	1542	912.486
2537.71	999.941		2537.5	999.5	2537.5	1000.2
622	1115.6		622	1114	622	1116.38
840.441	1688.68		840.5	1689.5	840.5	1688.58

File: 10_5_20120124.raw
2154.86	10.1364		2155	9	2155	9.96626
456.033	355.689		456.5	355.5	456.5	355.467
696	384		696	384	696	383.624
1388.5	619.75		1388.5	619.5	1388.5	619.905
1547.3	690.3		1547.5	690.5	1547.5	689.572
161.375	727.125		161.5	725.5	161.5	726.261
84.7308	814.192		85	813	85	813.54
1781	873.5		1781	872	1781	873.784
1545.5	915		1547.5	914.5	1547.5	914.413
2544	1000.5		2544	1000	2544	1000.63
628.261	1120.35		628.5	1119.5	628.5	1121.02
337.5	1359		337.5	1357.5	337.5	1359.14
848.594	1693.23		848	1694	848	1693.58

File: 10_5_20120125.raw
461.661	364.201		461.5	363.5	461.5	364.621
1367	392.571		1366	394	1366	393.039
856.5	403		856.5	402.5	856.5	402.661
1394	624.5		1394	623	1394	624.121
1554	694.5		1554	693	1554	692.831
168	735		168	733	168	735.958
93.625	823.562		93.5	821.5	93.5	823.312
1786.93	876.357		1787	876	1787	876.046
1554.5	917.75		1554.5	916.5	1554.5	918.044
2552	998.5		2552	997	2552	999.36
636.5	1128.5		636.5	1127.5	636.5	1128.49
859	1699		859.5	1698.5	859.5	1698.96

File: 10_5_20120126.raw
465.5	370.5		465.5	369.5	465.5	370.548
1370	397		1370.5	397.5	1370.5	396.678
2297	609.5		2297	607	2297	609.467
1397.59	627.318		1397.5	626.5	1397.5	626.266
1558.11	696.342		1558	696	1558	695.706
173	742.5		173	740	173	742.578
98	829.5		98	829	98	829.816
1791.5	877.5		1791.5	877.5	1791.5	877.77
1560	921		1559	922	1559	920.428
642.107	1133.73		642	1132	642	1133.21
864.678	1703.36		865	1704	865	1703.28

File: 10_5_20120127.raw
2165.5	12.5		2165.5	12.5	2165.5	12.3796
475.045	383		474.5	383.5	474.5	382.855
712	407.5		712	408	712	406.708
1408.25	632.5		1407.5	633.5	1407.5	632.61
1568	700		1568	701	1568	699.631
185.766	756.406		186	755	186	757.209
111.364	846.273		111.5	843.5	111.5	845.979
1803.96	882.068		1803.5	882.5	1803.5	881.458
1570.75	926.25		1570.5	926.5	1570.5	926.35
2570.57	997		2570.5	994.5	2570.5	996.742
655.455	1144		655.5	1142.5	655.5	1144.16
882.55	1714		882.5	1712.5	882.5	1713.42

File: 10_5_20120128.raw
2168.12	12.875		2168.5	12.5	2168.5	13.3371
479	390.643		479	390	479	391.083
1413.2	636.457		1412.5	637.5	1412.5	636.687
1573	703.5		1573	704	1573	702.903
192	763.5		192	762	192	764.676
117.8	853		118	853	118	852.781
1809.5	882.5		1809.5	882.5	1809.5	883.543
1576.83	929.167		1576.5	929.5	1576.5	928.634
662.352	1151.8		662	1150	662	1150.25
891.794	1719.09		892.5	1718.5	892.5	1719.01

File: 10_5_20120129.raw
2172	12		2172	14	2172	12.4656
484.69	397.357		484	398	484	397.837
722.318	421.318		722.5	421.5	722.5	421.925
2316	609.5		2316	607	2316	609.692
1417.64	639.603		1417	640	1417	639.573
1579.45	705.024		1579.5	704.5	1579.5	705.928
197.9	772.7		198	772	198	774.188
123.357	861.5		123.5	859.5	123.5	861.145
1816	884.5		1816	884	1816	885.217
1583.5	932		1583	934	1583	931.473
2585.5	995.5		2585.5	994.5	2585.5	995.586
668.43	1156.54		668.5	1152.5	668.5	1155.17
898.886	1724.19		899.5	1725.5	899.5	1724.54

File: 10_5_20120130.raw
2173.88	13.25		2174	13	2174	13.3037
488	405		488	403	488	403.784
2323	608.5		2323	606	2323	608.25
1421	642.5		1421	642	1421	642.42
1583.5	710		1583.5	707.5	1583.5	708.2
204	780		204	778	204	780.083
1562.82	855.091		1562.5	855.5	1562.5	855.277
131.292	869.417		131.5	869.5	131.5	869.294
1821.57	886.143		1821.5	884.5	1821.5	886.404
1589	934		1589	933	1589	933.728
676.5	1161		676.5	1159.5	676.5	1161.26
909.5	1729.75		909.5	1729.5	909.5	1729.65
2185.5	1806.5		2186	1807	2186	1805.8

File: 10_5_20120131.raw
2177	13		2177	14	2177	13.2757
494	411		493.5	411.5	493.5	411.541
730.3	430.7		730	430	730	430.605
1428.5	646		1428.5	645.5	1428.5	646.88
1589.5	712		1589.5	712.5	1589.5	711.133
209.908	788.602		210	786	210	788.555
137	876		137	875	137	876.4
1827	888.5		1827	887	1827	888.637
1595	936		1595	936	1595	936.214
683.034	1166.76		683	1167	683	1167.06
917.297	1734.05		917.5	1734.5	917.5	1733.88

File: 10_5_20120132.raw
497.5	418		497.5	417.5	497.5	418.333
735	439.5		735	438	735	438.566
2332	608		2332	607	2332	608.709
1432.64	649.214		1433	650	1433	649.771
1593.5	714		1594	715	1594	713.742
217	795.5		217	793	217	795.195
144	885		144	883	144	884.518
1832.94	891.463		1833	890	1833	890.629
1601	939.5		1601	939	1601	939.302
689.587	1173.24		689.5	1172.5	689.5	1173.51
926	1739		926.5	1739.5	926.5	1739
4.05	1927.43		4.5	1926.5	4.5	1927.58

File: 10_5_20120133.raw
503	427		503	426	503	427.101
740.5	445		740.5	444.5	740.5	444.26
1438.14	653.591		1438	653	1438	652.64
1600.4	718		1601	719	1601	716.792
224	805.5		224	802	224	804.304
152.5	893.5		152.5	892.5	152.5	894.01
1840.83	892.833		1841	893	1841	892.859
1609	942.95		1609	944	1609	942.762
1580	1069		1580	1068	1580	1069.29
699.357	1180.07		699.5	1179.5	699.5	1180.59
936.274	1744.52		936.5	1743.5	936.5	1744.94
16.3913	1935.8		16	1935	16	1935.92

File: 10_5_20120134.raw
507.237	432.079		507	432	507	432.153
744	450		744	449	744	449.364
1442.83	655.833		1442.5	655.5	1442.5	655.259
1604.79	719.158		1605	719	1605	719.139
229.327	810.401		229.5	810.5	229.5	811.038
1845	894.7		1844.5	895.5	1844.5	894.352
158.357	899.5		158.5	897.5	158.5	899.604
1613.1	944.9		1613	945	1613	945.012
704.839	1184.6		705	1183	705	1184.49
944	1749		944	1749	944	1748.4
24	1941		24	1939	24	1941.04

File: 10_5_20120135.raw
512.269	438.423		512	438	512	439.176
748.5	455		748.5	454.5	748.5	454.644
1447.98	659.804		1447.5	659.5	1447.5	659.121
1611.63	722.633		1611.5	721.5	1611.5	721.614
235	817.5		235	816	235	818.288
1851.83	895.167		1851.5	895.5	1851.5	895.719
1619	947.5		1619.5	948.5	1619.5	947.832
711.387	1191.08		711.5	1189.5	711.5	1190.51
952	1753.5		952	1755	952	1754.16

File: 10_5_20120136.raw
516.532	445.629		517	445	517	445.197
754.5	460.5		754.5	460.5	754.5	459.964
1452.5	662.5		1452	663	1452	661.675
1614.95	725.864		1615	725	1615	724.593
241.237	825.342		241	825	241	825.262
1857.5	898		1857.5	896.5	1857.5	897.714
170.5	915.5		170.5	914.5	170.5	915.187
1625.5	949.5		1626	950	1626	949.199
718.263	1195.66		718	1195	718	1196.35
962.683	1759.12		962.5	1756.5	962.5	1757.33

File: 10_5_20120137.raw
2193.5	16		2193.5	15.5	2193.5	15.838
1420	436.5		1419.5	438.5	1419.5	437.247
521.041	450.606		521.5	451.5	521.5	450.967
757.944	467.463		757.5	466.5	757.5	466.444
2359	606.5		2359	605	2359	607.417
1458	666		1457.5	666.5	1457.5	665.5
1621.5	727		1620.5	727.5	1620.5	727.576
247.5	832.5		247.5	832.5	247.5	833.916
1863.96	898.054		1863.5	898.5	1863.5	898.84
177	923.667		177	922	177	923.697
1631.5	952.1		1631.5	951.5	1631.5	951.91
725.609	1202.2		726	1201	726	1202.19
970.5	1765		970	1765	970	1764.75

File: 10_5_20120138.raw
526.708	458.917		526.5	459.5	526.5	458.621
2364	607		2364	605	2364	606.966
1463.61	668.389		1463.5	668.5	1463.5	668.701
1626	730		1626	730	1626	729.343
254.682	840.5		254.5	840.5	254.5	841.316
1869.58	900.604		1870	901	1870	900.769
186	930.5		186	928	186	930.142
1637.7	955.1		1637.5	955.5	1637.5	954.837
1090	1090.5		1090	1091	1090	1090.48
732.5	1207.5		732.5	1207.5	732.5	1208.18
980.071	1768.64		980.5	1769.5	980.5	1768.83

File: 10_5_20120139.raw
2198.5	14.5		2198.5	14.5	2198.5	14.9815
1428.5	443.5		1428	444	1428	443.457
532.675	464.704		531.5	465.5	531.5	465.428
767	478.5		767	477	767	478.236
1468.12	671.769		1468	672	1468	671.968
1630.85	731.692		1632	732	1632	731.897
260.85	846.963		260.5	846.5	260.5	847.998
1875.5	903		1875.5	901.5	1875.5	902.48
192.05	937.425		192	936	192	937.416
1644.5	957.5		1644	957	1644	957.377
739.2	1213.5		739	1212	739	1212.86
988	1773.5		988.5	1774.5	988.5	1773.47

File: 10_5_20120140.raw
2204.5	15.5		2204.5	15.5	2204.5	15.9852
540.545	479.318		541	478	541	479.255
776.5	491.5		777	492	777	491
1477.5	678.5		1477.5	678.5	1477.5	677.004
1642.5	737.5		1642.5	738.5	1642.5	737.057
274.043	862.723		273.5	862.5	273.5	862.487
1887.14	906.227		1887.5	906.5	1887.5	905.676
1657.07	962.172		1657.5	962.5	1657.5	961.94
1112	1104.5		1112	1102	1112	1103.97
754.5	1225.5		754.5	1223.5	754.5	1224.38
1007.48	1783.41		1007.5	1783.5	1007.5	1783.19

File: 10_5_20120141.raw
2207.5	16.5		2207.5	16.5	2207.5	16.9791
545.399	485.558		545.5	485.5	545.5	485.121
781	496.5		781	498	781	496.158
1647	740		1647	740	1647	739.283
278.5	870.5		279	869	279	870.315
1894.12	905.885		1894	906	1894	906.768
210.741	960.672		211.5	960.5	211.5	960.988
1663	964.5		1663	964	1663	964.721
759.5	1228.5		759.5	1227.5	759.5	1230.15
488.5	1483.5		488.5	1482.5	488.5	1484.02
1014.5	1787.5		1013.5	1788.5	1013.5	1787.16

File: 10_5_20120142.raw
549.167	492.167		549	492	549	492.405
1652.5	742		1652.5	742.5	1652.5	741.831
286.622	875.476		286.5	874.5	286.5	875.194
1899.5	908.5		1899.5	907.5	1899.5	908.634
217.5	968		217.5	966.5	217.5	968.291
1667.82	967.122		1668	968	1668	966.922
767.5	1235.5		767.5	1233.5	767.5	1235.73
1023.5	1792		1023.5	1791.5	1023.5	1791.67

File: 10_5_20120143.raw
2213	17		2213	16	2213	16.9044
377.5	428.5		377.5	427.5	377.5	428.203
554.125	498		554	497	554	498.058
791.259	507.672		790.5	507.5	790.5	507.212
2396.54	605.231		2396.5	602.5	2396.5	604.456
1493.54	686.769		1493.5	686.5	1493.5	687.082
1658.5	744.5		1658.5	744.5	1658.5	744.949
291.5	882.5		291.5	881.5	291.5	883.47
1904.92	909.958		1905	911	1905	908.539
1675.5	969		1675	968	1675	968.786
225	975.5		225	973	225	975.248
775.042	1239.92		775	1239	775	1239.87
1032.42	1795.58		1032	1796	1032	1796.09

File: 10_5_20120144.raw
383	437.5		383	435	383	436.512
559.565	505.424		559.5	505.5	559.5	507.189
797.571	513.857		797.5	512.5	797.5	513.639
1499	690.5		1499	691	1499	690.131
1664.43	747.893		1664.5	748.5	1664.5	747.789
300.281	892.797		300.5	892.5	300.5	892.646
1912.86	911.756		1913	911	1913	912.057
1683.23	971.968		1683.5	971.5	1683.5	972.074
232.917	984		233	982	233	983.694
783.553	1247.24		783.5	1245.5	783.5	1246.85
2022.5	1569.5		2022.5	1569.5	2022.5	1569.44
1042.5	1802		1043	1802	1043	1801.51

File: 10_5_20120145.raw
563.971	510.971		564.5	511.5	564.5	511.029
799.722	518.722		799.5	518.5	799.5	518.04
1503.33	693		1503	692	1503	692.297
1668.5	749		1669	750	1669	748.61
304.5	898		304.5	896.5	304.5	897.893
1918	912.5		1918	913	1918	912.965
1687.5	973		1687	974	1687	973.586
238.083	990		238	989	238	990.136
789	1250.67		789	1250	789	1250.51
1049	1806		1049	1805	1049	1806.28

File: 10_5_20120146.raw
568.776	517.397		569	517	569	517.595
804.5	524.5		804.5	523.5	804.5	523.826
1509.07	695.643		1509	696	1509	695.93
1674.33	750.667		1673.5	751.5	1673.5	750.824
1662.5	898		1662.5	897.5	1662.5	898.553
311.05	905		311	904	311	905.384
1923.09	914.273		1923	914	1923	914.496
1692.94	975.944		1693	976	1693	976.402
244.833	997.833		244.5	996.5	244.5	997.474
795.833	1256.17		796	1256	796	1256.04
1058.5	1810		1058.5	1811.5	1058.5	1810.01

File: 10_5_20120147.raw
2224	16.5		2224.5	16.5	2224.5	16.8859
574.5	523.5		574.5	523.5	574.5	524.36
809.318	529.318		809.5	529.5	809.5	529.351
1514.05	698.091		1514	698	1514	698.091
1681.15	753.655		1680	755	1680	753.82
317.5	912		317.5	912.5	317.5	913.032
1929.5	913.5		1930	915	1930	915.507
1699.73	978.783		1699	979	1699	978.759
252	1004		252	1003	252	1004.7
804.5	1262.5		804.5	1261.5	804.5	1261.68
538.5	1522		538.5	1520.5	538.5	1521.88
1068.29	1815.74		1068	1817	1068	1816.62

File: 10_5_20120148.raw
2226.5	17		2226.5	16.5	2226.5	17.1048
401.9	463.1		402	463	402	463.212
1470.5	474.5		1470.5	474.5	1470.5	475.112
579	531		579.5	531.5	579.5	530.84
814.259	536.19		814.5	535.5	814.5	535.35
1519.6	701.371		1519	702	1519	701.631
1685.07	755.5		1685	755	1685	755.458
1936.39	917.5		1936.5	915.5	1936.5	917.247
323.74	919.56		324	917	324	919.782
1706.33	980.5		1706	981	1706	980.711
258.864	1011.59		259	1011	259	1011.66
811.1	1267.5		811	1266	811	1267.63
1077.75	1820.25		1078.5	1819.5	1078.5	1819.84

File: 10_5_20120149.raw
2230	17.5		2230	18	2230	18.0792
583.75	538		584.5	538.5	584.5	536.981
819.773	540.773		820	541	820	540.44
1524.25	703.375		1524	704	1524	703.818
1690.5	759.5		1690	760	1690	758.729
1943.35	919.241		1943	918	1943	918.597
331.022	926.225		331	926	331	926.557
1713	983.5		1713	983	1713	983.122
266	1018.5		266	1018	266	1018.99
818.5	1272		818.5	1270.5	818.5	1272.19
1086.22	1824.88		1086	1826	1086	1824.75

File: 10_5_20120150.raw
2232	17.5		2232	18	2232	17.7441
588.836	542.35		589.5	542.5	589.5	541.636
824.562	546.625		824.5	547.5	824.5	545.986
1530	708		1529.5	709.5	1529.5	707.537
1695.86	761.244		1696	761	1696	760.828
1686	907.5		1686	906	1686	907.59
1947.93	919.959		1948	919	1948	920.462
338.288	934.439		338	934	338	934.167
1718.72	985.722		1719	986	1719	985.52
272	1027		272	1024	272	1026.57
825.841	1278.32		825.5	1277.5	825.5	1277.73
1096.54	1828.57		1095.5	1830.5	1095.5	1828.43

File: 10_5_20120151.raw
1484	484		1483.5	484.5	1483.5	484.738
981.5	545.5		981	546	981	545.334
829	552		829	553	829	551.41
593.5	550.5		593.5	550.5	593.5	550.643
1534.5	710		1534.5	709.5	1534.5	709.452
1701	763.5		1700.5	764.5	1700.5	763.103
1954	922		1954	921	1954	921.694
345.5	942		344.5	943.5	344.5	941.077
1724.79	987.842		1725	987	1725	987.679
279	1033.5		279	1032	279	1034.28
1184.5	1150		1183.5	1151.5	1183.5	1149.57
833.553	1283.24		833	1282	833	1282.86
1103.92	1833.69		1104	1834	1104	1833.42

File: 10_5_20120152.raw
2239.36	16.7858		2239	18	2239	17.2429
1488.5	487.5		1488	488	1488	487.132
422.682	493.682		422	494	422	493.018
833.5	558.5		833.5	557.5	833.5	557.156
599.448	556.931		599.5	555.5	599.5	556.529
1539.8	712.722		1540	713	1540	713.017
1707.53	765.765		1707.5	764.5	1707.5	765.585
1960.5	923.5		1960.5	922.5	1960.5	922.398
350.605	947.513		350.5	946.5	350.5	947.779
1731.61	988.868		1732	989	1732	989.501
287	1041.5		287	1041	287	1041.39
840.629	1289.08		841	1289	841	1289.08
578.5	1552		578.5	1552.5	578.5	1552.7
1114	1838		1113.5	1839.5	1113.5	1838.25

File: 10_5_20120153.raw
2242	18		2242	16	2242	17.6835
839.5	563		839	563	839	562.615
604.654	562.654		605	563	605	562.506
1545.5	715.5		1545.5	715.5	1545.5	715.557
1712.79	767.5		1713	767	1713	767.847
1704.92	915		1705	914	1705	915.237
1968	924		1968	922	1968	924.402
357.682	955.5		357.5	952.5	357.5	955.559
1738.5	992.5		1738.5	990.5	1738.5	992.101
293	1048		293.5	1048.5	293.5	1048.4
847.844	1294.32		848.5	1294.5	848.5	1293.94
1124.31	1843.38		1123.5	1844.5	1123.5	1843.26

File: 10_5_20120154.raw
2244.5	19		2244.5	16.5	2244.5	18.2383
433	507		433	505	433	506.795
843	568.5		842.5	568.5	842.5	567.941
609.5	569.5		610	570	610	568.881
1550	718		1550	718	1550	717.429
1717.79	769.857		1718	770	1718	769.726
1973.39	925.5		1973.5	924.5	1973.5	925.681
363	962		363	960	363	960.988
1743.88	994.192		1744	993	1744	994.135
300.474	1054.73		300.5	1054.5	300.5	1055.17
854.769	1299.51		854.5	1298.5	854.5	1299.23
1132.5	1847.5		1132.5	1848.5	1132.5	1846.97

File: 10_5_20120155.raw
439	514.5		439	513	439	514.079
848.611	574.611		848.5	574.5	848.5	574.932
615	575.5		614.5	575.5	614.5	575.68
1555.5	721		1555.5	720.5	1555.5	721.522
1722.95	771.763		1723.5	772.5	1723.5	772.307
1979.05	927		1979	926	1979	927.146
370	969		370	967	370	969.075
1750.17	996.167		1750	996	1750	996.225
308	1062		308	1061	308	1062.33
861.919	1304.53		862	1303	862	1304.34
1141	1851		1141	1852	1141	1850.78

File: 10_5_20120156.raw
1506.5	499.5		1506	500	1506	499.88
854.891	578.63		854.5	578.5	854.5	578.59
619.043	580.478		619.5	581.5	619.5	580.704
2465.5	597.5		2465.5	594.5	2465.5	597.147
1562	725		1561.5	725.5	1561.5	724.53
1729.5	774		1730	774	1730	774.744
1722.5	922.5		1722.5	921.5	1722.5	922.172
1985.5	928.5		1985.5	925.5	1985.5	928.321
376.75	975.375		377	974	377	975.98
1757.1	998.7		1757	998	1757	998.611
314.75	1070		315	1069	315	1070
870.5	1309.5		870.5	1309.5	870.5	1309.66
1150.36	1856.43		1151.5	1856.5	1151.5	1857.16

File: 10_5_20120157.raw
1510	502		1510	504	1510	502.793
858	585		858	585	858	585.285
624.487	587.77		625	588	625	587.339
1565.5	727.5		1566	728	1566	726.7
1734	776		1734	777	1734	776.423
1728.83	924.5		1729	923	1729	924.376
1992.98	928.317		1992.5	928.5	1992.5	929.188
383	982		383	979	383	981.595
1763.57	1000.71		1763.5	999.5	1763.5	1000.47
321.375	1074.75		321	1075	321	1075.8
1745.5	1128.5		1745.5	1128.5	1745.5	1129.18
877	1315.5		877	1314	877	1315.53
1158.63	1860.46		1158.5	1861.5	1158.5	1859.95

File: 10_5_20120158.raw
1515	505		1514.5	505.5	1514.5	505.128
863.1	590.7		863	589	863	590.692
629.136	593.5		629.5	592.5	629.5	593.367
1571.5	729.5		1571.5	729.5	1571.5	729.212
1740	778		1740	778	1740	778.118
1997.12	930.5		1997	930	1997	930.759
389.591	989.5		389.5	987.5	389.5	989.477
1769.5	1003.5		1769	1005	1769	1002.82
328.5	1082.5		328.5	1081.5	328.5	1083.63
884.717	1320.24		885	1319	885	1319.61
629.5	1587		629.5	1588.5	629.5	1587.72
1169.61	1865		1169.5	1864.5	1169.5	1864.89

File: 10_5_20120159.raw
2258.5	17		2258.5	15.5	2258.5	17.5359
1520.5	508.5		1520	509	1520	508.582
459	542.5		459	541	459	542.393
868.5	596.5		868.5	596.5	868.5	596.098
635	599.5		635	600	635	599.434
39	651.5		39	651	39	652.25
1577.88	732.595		1577.5	732.5	1577.5	732.676
1745.4	780		1746	781	1746	780.11
1741.79	928.357		1742	928	1742	928.184
2005	931.5		2005	930	2005	931.639
397.5	996.5		397.5	994.5	397.5	995.345
1777	1004.64		1777	1005	1777	1004.61
336	1090		336	1090	336	1090.79
893.368	1325.95		894	1325	894	1325.6
1178.26	1869.79		1177.5	1870.5	1177.5	1870.37

File: 10_5_20120160.raw
1524.5	511		1525	512	1525	511.559
463	548		463	547	463	548.129
874	601		874	601	874	600.6
639.5	606.682		639.5	607.5	639.5	606.636
48	661		48	663	48	661.071
1583.35	734.439		1583.5	733.5	1583.5	734.664
1751.36	782.329		1751	782	1751	782.784
2010	932		2010	931	2010	932.53
403.324	1002.68		403.5	1001.5	403.5	1002.88
1782	1007.36		1782	1008	1782	1006.87
342.5	1097.5		342.5	1096.5	342.5	1097.95
899.326	1330.07		899.5	1330.5	899.5	1330.35
1186	1873		1186.5	1875.5	1186.5	1873.69

File: 10_5_20120161.raw
467	556		467.5	557.5	467.5	555.033
877.5	606.5		877.5	605.5	877.5	606.686
643.74	612.56		644	611	644	612.415
1587.57	737.714		1587	738	1587	737.552
1755.5	785		1755	786	1755	784.928
2016.5	933.5		2016.5	931.5	2016.5	934.056
1788	1009		1788	1008	1788	1008.54
409.773	1010.5		409.5	1008.5	409.5	1009.8
349.962	1104.27		350	1102	350	1103.94
908	1334.5		906.5	1334.5	906.5	1335.55
1195.38	1876.53		1196.5	1877.5	1196.5	1877.16

File: 10_5_20120162.raw
2268	16		2268	15	2268	16.7811
1034.72	599.722		1034.5	599.5	1034.5	599.096
883.944	611.278		883.5	611.5	883.5	610.786
650	619.5		650	618	650	619.328
1592.5	740.5		1592.5	741.5	1592.5	740.195
1761.7	787.3		1761.5	786.5	1761.5	786.812
1759	934.5		1759	933	1759	934.237
2023	935		2023	934	2023	935.146
1795.5	1010.7		1795.5	1009.5	1795.5	1010.35
416.382	1016.91		416	1017	416	1017.01
356.5	1110.5		356.5	1109.5	356.5	1111.33
914.293	1339.74		914.5	1340.5	914.5	1339.38
1204.41	1881.23		1204.5	1882.5	1204.5	1881.06

File: 10_5_20120163.raw
1173.5	27		1173	29	1173	27.4204
1537.5	519.5		1537.5	519.5	1537.5	519.554
477.682	568.955		478	569	478	569.166
888	616		888	616	888	615.893
655.714	625		655.5	625.5	655.5	624.782
1598.28	742.056		1598	742	1598	742.294
1767.5	788.167		1768	789	1768	788.829
2028.21	936.842		2028	936	2028	936.772
1800.86	1012		1801	1011	1801	1012.12
423.448	1023.07		423.5	1022.5	423.5	1023.17
364	1118.5		364	1116	364	1118.07
1267.5	1198.5		1267.5	1197.5	1267.5	1198.47
921	1345		921	1343	921	1344.25
1214	1886		1214	1885	1214	1885.81

File: 10_5_20120164.raw
2509.97	591.323		2510	589	2510	590.735
894	622		894	621	894	622.056
662.022	632.196		662	633	662	632.155
1604.8	746.022		1604.5	746.5	1604.5	746.142
1773.87	791.237		1773.5	791.5	1773.5	790.987
2036	937		2036	937	2036	937.427
1772.04	939.269		1772	938	1772	938.948
1809.5	1013.67		1809.5	1013.5	1809.5	1014.29
431.2	1031		431	1030	431	1030.7
372.5	1126		372.5	1124.5	372.5	1126.48
930	1350.5		930	1351	930	1350.77
1225.5	1890.5		1225.5	1890.5	1225.5	1890.15

File: 10_5_20120165.raw
488	582		488	581	488	581.906
898.5	627.5		898.5	627.5	898.5	626.519
665.487	636.878		665	636	665	637.04
1609.5	748		1609.5	748.5	1609.5	748.535
1779.21	792.265		1779.5	792.5	1779.5	792.592
2040.59	938.394		2041	937	2041	938.334
1814	1016		1814	1016	1814	1015.9
437.115	1035.73		437	1036	437	1036.49
377.2	1131.8		377.5	1131.5	377.5	1132.27
935.571	1354.31		936.5	1355.5	936.5	1354.49
2205.5	1595.5		2205.5	1594.5	2205.5	1594.71
1232.5	1893.83		1232	1894	1232	1893.68

File: 10_5_20120166.raw
2520	589.5		2520	587	2520	588.632
1054.5	618.5		1054.5	617.5	1054.5	617.978
904.682	632.955		905	633	905	632.827
672.341	643.915		672	644	672	643.997
1615.5	751.5		1614.5	751.5	1614.5	751.302
1786.09	794.638		1785.5	794.5	1785.5	794.991
2048	941		2048	939	2048	940.019
1783.92	943		1784	941	1784	943
1821.5	1019		1821.5	1018.5	1821.5	1018.69
444	1042.5		444	1042	444	1043.13
386	1140		386	1138	386	1139.29
946.141	1360.09		946	1360	946	1359.69
697.5	1634.5		697.5	1633.5	697.5	1634.91
1242.5	1899		1242.5	1901.5	1242.5	1899.63

File: 10_5_20120167.raw
2525	588.5		2525	586	2525	588.489
500	596		500	595	500	595.785
908.083	637.083		908.5	637.5	908.5	637.084
676.5	648.5		676.5	648.5	676.5	649.383
1619.93	753.071		1620	753	1620	753.286
1789.5	796.5		1789.5	796.5	1789.5	796.649
2053.5	940		2053.5	939.5	2053.5	940.319
1826.76	1019.46		1827	1019	1827	1019.66
450	1048.5		450	1047	450	1047.81
392.167	1145.72		392.5	1144.5	392.5	1145.48
1814.5	1150		1814.5	1147.5	1814.5	1149.23
950.786	1365.36		951	1363	951	1364
706	1638.5		706	1638	706	1639.27
1250.2	1900.46		1250	1901	1250	1902.3

File: 10_5_20120168.raw
506.5	603.5		506.5	602.5	506.5	603.778
682.324	657.677		682.5	655.5	682.5	657.397
1626.5	755.5		1626	756	1626	755.194
1796.17	799.167		1796	799	1796	799.549
2061	942.5		2061	940	2061	941.963
1834.31	1023		1834	1022	1834	1021.98
457	1057.5		457	1057	457	1057.46
1822.5	1151.5		1822.5	1150.5	1822.5	1151.22
400	1152		400	1152	400	1152.52
960.333	1370		960.5	1370.5	960.5	1370.3
1262	1907		1261	1908	1261	1907.93

File: 10_5_20120169.raw
2287.5	16.5		2287.5	16.5	2287.5	16.9551
918.1	647.9		918	646	918	647.303
686.076	660.415		686	660	686	660.807
100	735.75		100	737	100	736.092
1630.5	758.5		1630.5	758.5	1630.5	758.373
1800.44	799.882		1800.5	800.5	1800.5	800.494
2065.5	942.5		2065.5	941.5	2065.5	942.839
1801.92	948		1802	947	1802	948.396
1839	1023.5		1839	1022	1839	1022.93
464.3	1062.1		463.5	1061.5	463.5	1061.46
405.5	1158		405.5	1158.5	405.5	1158.9
966	1374.5		966	1374	966	1374.26
721.5	1650		721	1651	721	1650.27
1269.5	1910		1269	1911	1269	1910.7
