10_5_20120000.raw	36362	32293	30514	84472	48824
10_5_20120001.raw	36822	32880	30785	78201	49963
10_5_20120002.raw	35059	33566	31578	78209	46547
10_5_20120003.raw	35015	34330	32163	78207	53435
10_5_20120004.raw	35464	34717	31055	76738	48165
10_5_20120005.raw	37194	33085	31221	100795	63624
10_5_20120006.raw	46371	38149	40680	98830	55791
10_5_20120007.raw	35192	33175	31441	77609	47529
10_5_20120008.raw	35890	33191	32496	76814	48078
10_5_20120009.raw	36462	34155	32944	76195	47834
10_5_20120010.raw	37091	34018	30425	76487	60905
10_5_20120011.raw	34639	33287	31460	78818	46891
10_5_20120012.raw	54196	59755	76025	102407	126459
10_5_20120013.raw	35406	34160	30682	75650	48374
10_5_20120014.raw	36325	34134	30121	77184	48441
10_5_20120015.raw	34781	33086	31376	76976	46591
10_5_20120016.raw	36208	33645	32245	76995	47556
10_5_20120017.raw	36317	33229	30619	122224	94907
10_5_20120018.raw	36331	33987	32134	76244	47628
10_5_20120019.raw	56010	48026	75173	209090	86130
10_5_20120020.raw	35070	33476	31928	78214	52858
10_5_20120021.raw	36719	34944	33551	76133	48431
10_5_20120022.raw	36279	35147	31051	76976	48174
10_5_20120023.raw	35076	33349	32133	77580	47298
10_5_20120024.raw	36948	34408	32856	80342	48590
10_5_20120025.raw	36734	34398	31568	76366	48458
10_5_20120026.raw	94949	92798	85970	188978	100295
10_5_20120027.raw	36941	34019	32425	77232	48371
10_5_20120028.raw	37621	35854	31033	76446	47561
10_5_20120029.raw	52401	65950	81479	163677	46256
10_5_20120030.raw	36644	34269	32642	76114	48162
10_5_20120031.raw	36777	33591	32823	75635	46903
10_5_20120032.raw	61706	62352	81633	88641	98160
10_5_20120033.raw	35755	34150	31898	77844	46857
10_5_20120034.raw	35868	34494	32280	76294	48144
10_5_20120035.raw	37044	34561	33537	75806	47633
10_5_20120036.raw	37527	35766	32046	77150	53866
10_5_20120037.raw	37934	34043	32732	78267	48076
10_5_20120038.raw	37385	34207	32224	130059	106434
10_5_20120039.raw	35208	34038	32170	77293	46878
10_5_20120040.raw	37314	36121	32407	76196	48336
10_5_20120041.raw	37331	33320	31302	77908	48791
10_5_20120042.raw	35405	34382	31786	77740	46641
10_5_20120043.raw	37283	35885	33778	75419	53948
10_5_20120044.raw	36745	35170	31263	76977	49066
10_5_20120045.raw	42032	73952	53131	184344	98968
10_5_20120046.raw	35957	34553	32408	77428	47817
10_5_20120047.raw	35715	33817	32234	76073	48675
10_5_20120048.raw	37599	35235	33933	78695	47974
10_5_20120049.raw	37758	35867	34523	76908	48798
10_5_20120050.raw	39170	43245	32785	79836	49607
10_5_20120051.raw	37584	35433	33991	78565	47434
10_5_20120052.raw	39369	35786	32633	78580	49614
10_5_20120053.raw	39768	38239	36073	78018	54964
10_5_20120054.raw	37215	65623	83073	187921	124752
10_5_20120055.raw	38003	35348	33472	78715	47445
10_5_20120056.raw	38020	35834	33655	77283	48168
10_5_20120057.raw	38049	35693	33862	76595	48655
10_5_20120058.raw	38012	38035	34393	78862	49040
10_5_20120059.raw	39462	36588	35332	78254	48919
10_5_20120060.raw	38060	36212	33833	76199	48732
10_5_20120061.raw	39497	34960	33518	78618	48698
10_5_20120062.raw	38071	35903	33842	78861	47494
10_5_20120063.raw	37850	35456	34132	76834	49005
10_5_20120064.raw	39073	38905	33947	77696	49191
10_5_20120065.raw	40349	36555	34257	101367	63834
10_5_20120066.raw	37875	35551	33891	77774	48881
10_5_20120067.raw	40294	41106	38537	81268	50440
10_5_20120068.raw	37474	36787	34133	77535	48682
10_5_20120069.raw	39981	37871	35123	77084	48825
10_5_20120070.raw	39847	35717	34010	77857	48802
10_5_20120071.raw	37855	35911	35332	79084	47406
10_5_20120072.raw	37809	36941	33955	77223	47956
10_5_20120073.raw	39242	36373	34106	76872	48339
10_5_20120074.raw	39819	36425	39767	79274	47581
10_5_20120075.raw	37712	36202	34847	78136	47946
10_5_20120076.raw	38356	35616	34306	77648	48727
10_5_20120077.raw	38643	35729	34842	76594	48061
10_5_20120078.raw	40260	35400	33683	77642	48077
10_5_20120079.raw	39839	35561	34411	78275	47650
10_5_20120080.raw	39410	38181	33563	98584	75473
10_5_20120081.raw	40031	37558	35252	87356	51123
10_5_20120082.raw	38904	36515	34541	76612	48275
10_5_20120083.raw	39908	36574	33150	77704	48609
10_5_20120084.raw	39496	36527	35889	78479	48737
10_5_20120085.raw	37952	35391	33476	77867	48722
10_5_20120086.raw	39232	37272	33698	77492	49369
10_5_20120087.raw	39622	35692	34368	78646	47486
10_5_20120088.raw	37738	36336	34379	77720	54546
10_5_20120089.raw	38494	36569	35336	77196	48000
10_5_20120090.raw	39302	37388	35826	76876	49204
10_5_20120091.raw	39284	37457	33703	77715	49470
10_5_20120092.raw	40772	35804	33509	78686	48749
10_5_20120093.raw	37632	34520	33953	78150	70938
10_5_20120094.raw	60821	59582	49414	102241	58304
10_5_20120095.raw	40428	45335	35401	79310	48872
10_5_20120096.raw	40339	38895	36144	77600	48466
10_5_20120097.raw	40425	37711	34044	78398	49607
10_5_20120098.raw	39450	37483	36175	77716	48633
10_5_20120099.raw	38715	37238	33389	77457	49359
10_5_20120100.raw	41312	39743	34674	81857	52729
10_5_20120101.raw	39188	36709	34841	77224	48873
10_5_20120102.raw	38461	37205	33603	76749	49500
10_5_20120103.raw	40317	35521	34055	78477	48831
10_5_20120104.raw	39014	36781	35175	76476	49356
10_5_20120105.raw	39497	40945	38397	79239	55138
10_5_20120106.raw	41015	37718	35065	81852	50527
10_5_20120107.raw	39054	36658	35264	151197	88882
10_5_20120108.raw	39393	36538	36259	76953	48748
10_5_20120109.raw	39424	36874	33643	77724	49003
10_5_20120110.raw	40974	40129	38392	80031	47836
10_5_20120111.raw	38614	37905	35487	78695	48661
10_5_20120112.raw	39766	37342	34910	76417	55290
10_5_20120113.raw	39951	35556	34977	77919	47020
10_5_20120114.raw	38042	36438	34362	78092	48164
10_5_20120115.raw	40368	41272	38009	78925	49666
10_5_20120116.raw	39285	35604	34580	79079	47266
10_5_20120117.raw	38507	37906	35382	78494	47951
10_5_20120118.raw	39806	37860	34629	77898	49509
10_5_20120119.raw	41667	36392	67862	141259	96759
10_5_20120120.raw	40734	37876	39785	81448	47525
10_5_20120121.raw	56176	48310	48659	137416	53539
10_5_20120122.raw	39098	37878	35857	79013	48553
10_5_20120123.raw	39480	37595	34281	77787	49135
10_5_20120124.raw	40320	35602	34087	79006	48884
10_5_20120125.raw	40547	42792	39037	81462	48177
10_5_20120126.raw	40950	44042	35683	77741	48087
10_5_20120127.raw	41406	36449	35580	80170	47627
10_5_20120128.raw	38712	37282	35308	77864	48361
10_5_20120129.raw	40790	38344	35573	76217	49964
10_5_20120130.raw	42601	41024	36551	78712	47908
10_5_20120131.raw	38866	37164	35357	77498	48876
10_5_20120132.raw	40925	36201	35713	79072	47182
10_5_20120133.raw	40409	36762	35627	76365	47480
10_5_20120134.raw	39380	37851	33985	77783	48803
10_5_20120135.raw	42205	39730	36400	78297	47023
10_5_20120136.raw	40269	43379	34737	78094	48809
10_5_20120137.raw	40904	37381	36048	78674	47303
10_5_20120138.raw	39392	37862	35621	77764	48839
10_5_20120139.raw	40978	36761	34355	78060	48875
10_5_20120140.raw	41535	40808	36031	78227	48352
10_5_20120141.raw	39768	37551	35661	76924	48891
10_5_20120142.raw	39054	36577	34447	75573	46823
10_5_20120143.raw	42344	36809	35375	79240	47471
10_5_20120144.raw	41487	39564	35222	77795	48341
10_5_20120145.raw	43050	42428	36899	79045	48312
10_5_20120146.raw	40125	37791	36224	76038	53025
10_5_20120147.raw	42430	39695	35309	76890	48532
10_5_20120148.raw	40408	37125	36185	164795	128083
10_5_20120149.raw	40578	37340	36925	82092	50825
10_5_20120150.raw	40655	39186	36579	77795	48582
10_5_20120151.raw	41868	37617	35492	79192	49305
10_5_20120152.raw	39648	38549	36673	78840	48037
10_5_20120153.raw	42388	39933	37578	83728	48694
10_5_20120154.raw	41300	38952	34809	79103	49691
10_5_20120155.raw	69642	65562	73300	163469	97916
10_5_20120156.raw	42657	39519	43421	77756	49542
10_5_20120157.raw	41912	37934	35279	78856	48288
10_5_20120158.raw	39855	38003	35993	78148	47377
10_5_20120159.raw	40019	37864	35866	77136	48723
10_5_20120160.raw	49001	46321	46357	90655	52368
10_5_20120161.raw	40403	39930	36224	78006	48632
10_5_20120162.raw	40320	38513	35927	77444	48826
10_5_20120163.raw	42801	38389	39983	81443	47538
10_5_20120164.raw	39848	38098	35776	78124	47804
10_5_20120165.raw	40511	38191	36042	76784	48874
10_5_20120166.raw	43160	38320	36290	78447	48492
10_5_20120167.raw	40543	38947	36679	78256	47745
10_5_20120168.raw	41186	40201	37550	76769	49091
10_5_20120169.raw	101380	64271	73381	137800	95034
